# This file has been produced by extranormal (v 1.0.1 - February 23, 2017)
# O. Roudenko - Synchrotron SOLEIL. Covered by GPL licence.
#Data from HDF File: /nfs/ruche-rock/rock-soleil/com-rock/2021/Projets/20210209_Hilde/References/FeO_pellet/FeO_pellet_00444.nxs to FeO_pellet_00644.nxs
#Time at start=2021-02-09 17:17:47.507
#Time from start (seconds)=505.341448053
#Sample temperature (C)=24.3
# Normalization -------------
# pivot spectrum: Pivot_Fe_10Ni-10Fe_50BN_RT_air_av2000_00001.txt
# E0=7112.0   Eshift=1.49139600074
# E0_pivot = 7112.0
# pre-edge params: from E0_pivot-140.0 to E0_pivot-20.0
# pre-edge range: [6972.0, 7092.0]
# post-edge params: from E0_pivot+100.0 to E0_pivot+1140.0
# post-edge range: [7212.0, 8250.0]
# I jump at E0_pivot = 0.556474863413
# shifted energy	normalized	reference	ref.derivative	I0
        6970  0.004316485   -0.7269356 -0.008821788     18810.76
        6972  0.004316485   -0.7269356 -0.008821788     18810.76
        6974  0.003590273   -0.7433393 -0.006060646     18818.57
        6976  0.003301441    -0.746286 -0.002795466     18825.98
        6978  0.003392444   -0.7384007 -0.0004417111     18834.09
        6980   0.00272545   -0.7492994  0.001413002     18843.54
        6982  0.002571039    -0.746873 -0.0006604131     18851.26
        6984  0.002820869    -0.734982 -5.339383e-05     18857.91
        6986  0.002016875    -0.743684 -0.000567469     18864.83
        6988  0.001617141   -0.7497265 -0.003694717     18871.68
        6990  0.001447986   -0.7514127 -0.002961776      18879.3
        6992 0.0007973525   -0.7645397 -0.002659863     18886.91
        6994 0.0004342086   -0.7673782 -0.001508712     18894.65
        6996 3.585079e-05   -0.7710054 0.0003372195     18904.02
        6998 0.0001074858   -0.7634824  0.001191032     18911.98
        7000 0.0001089798    -0.761842 0.0005045274     18919.57
        7002 1.399208e-05     -0.75785 -0.0001129495     18928.07
        7004 -0.0003719073   -0.7669692 -0.0002371336     18936.61
        7006 -0.0003981669    -0.764386 -0.001659444     18945.17
        7008 -0.0009519515    -0.763739 -0.002001373     18953.04
        7010 -0.001118814   -0.7711255 -0.002907827      18959.7
        7012 -0.001194096   -0.7829802  -0.00232546     18968.66
        7014 -0.001319854   -0.7876486 -0.001991061     18977.08
        7016 -0.001073927   -0.7823427 -0.0001296587     18984.92
        7018 -0.001653108    -0.787054 -0.0003651312     18992.21
        7020 -0.001582389   -0.7840175 -0.001228101     18999.35
        7022 -0.001740993   -0.7905697 0.0004167643        19007
        7024 -0.002331319   -0.7921675 -0.0002237094     19015.54
        7026 -0.001985421   -0.7837199  0.001448458     19024.09
        7028  -0.00226214   -0.7858071 0.0009086743     19032.89
        7030 -0.001922281    -0.778982 -0.0008598183     19040.56
        7032  -0.00220618   -0.7848981 -0.001679436     19048.16
        7034 -0.002515552   -0.7905985 -0.003422326     19055.17
        7036 -0.002718299   -0.7992426 -0.002756858     19062.37
        7038 -0.002684317   -0.8063606 -0.001477165     19070.84
        7040 -0.002737219    -0.806953 -0.0001182832     19078.83
        7042 -0.002421657   -0.8024158 -0.0003842147     19088.21
        7044 -0.002537474   -0.8001889 -0.0007814582     19097.58
        7046 -0.002355391   -0.8094343 -0.001204938     19105.71
        7048 -0.002191286   -0.8132047 -0.002076644     19113.54
        7050 -0.001996069   -0.8120553 -0.0003213689     19120.84
        7052 -0.002120399    -0.816802 1.319391e-06     19129.12
        7054  -0.00183394   -0.8120053 -0.0002200404     19136.91
        7056 -0.001753469   -0.8131941 0.0003663978     19145.12
        7058  -0.00164795   -0.8138156  -0.00105536     19153.39
        7060 -0.001106452   -0.8138709 -0.002139873     19160.81
        7062 -0.0008506647   -0.8204482 -0.001235892     19168.07
        7064 -0.0006738065   -0.8303131 -0.0007368485     19175.48
        7066 -0.0003684515   -0.8237027 -0.0009589596     19183.07
        7068 -0.0004459469   -0.8197656 4.288549e-05     19190.76
        7070 -3.936105e-05   -0.8281198 -0.001630608     19198.46
        7072 0.0002220081     -0.82997 -0.003012824     19206.94
        7074   0.00049977   -0.8367476 -0.002251677     19214.96
        7076  0.000605131   -0.8438682 -0.001801792     19224.27
        7078  0.001643021   -0.8461332 -0.0004643988     19232.08
        7080  0.002144168   -0.8443843 0.0002451818     19240.76
        7082  0.002800377   -0.8404628 0.0006818425     19248.88
        7084  0.003178016   -0.8419068 0.0007131985     19256.57
        7086  0.003906454   -0.8406785 -0.0006550287     19264.12
        7088  0.004611861   -0.8386788 -0.001534213     19271.23
        7090  0.005352948    -0.845703 -0.001487247     19279.04
        7092  0.006046205   -0.8541805 -0.001417533     19287.22
        7094  0.007472416   -0.8525765 -0.0007721921     19295.79
        7096   0.00853828    -0.850019 0.0002637213     19303.06
        7098  0.009580833   -0.8518806 -0.0003651859     19310.36
        7100   0.01130708   -0.8520707 -0.0006968902     19318.86
      7100.2   0.01155073   -0.8525056 -0.000638613     19319.68
      7100.4   0.01179438   -0.8529405 -0.0005803358     19320.49
      7100.6   0.01203803   -0.8533754 -0.0005220586      19321.3
      7100.8   0.01228168   -0.8538103 -0.0004637813     19322.12
        7101   0.01252533   -0.8542451 -0.0004055041     19322.93
      7101.2   0.01276897     -0.85468 -0.0003472269     19323.74
      7101.4   0.01301262   -0.8551149 -0.0002889497     19324.55
      7101.6   0.01318402   -0.8548812 -0.0005772871     19325.35
      7101.8   0.01338505   -0.8538818  0.001922436     19326.04
        7102   0.01352957   -0.8532427  0.003969821     19326.75
      7102.2   0.01364885   -0.8524812  0.002416338      19327.4
      7102.4   0.01382708   -0.8517053 0.0001184461     19328.07
      7102.6   0.01390305   -0.8519487  -0.00276179     19328.73
      7102.8   0.01403313    -0.853148 -0.005104863     19329.39
        7103   0.01432146   -0.8546907 -0.005858995     19330.19
      7103.2   0.01462262   -0.8557892 -0.004881011     19330.96
      7103.4   0.01475627   -0.8566359  -0.00213079     19331.82
      7103.6   0.01489076   -0.8570528 0.0006658888     19332.63
      7103.8   0.01507524   -0.8563953   0.00320282     19333.45
        7104   0.01547207   -0.8552565  0.005528435     19334.35
      7104.2   0.01584568   -0.8540737  0.006281932     19335.25
      7104.4    0.0161505     -0.85263  0.005877337     19336.26
      7104.6   0.01651165   -0.8513698  0.003519823     19337.18
      7104.8   0.01677955   -0.8505546 -0.0009526416        19338
        7105   0.01701073   -0.8512578 -0.004130921      19338.8
      7105.2   0.01733068   -0.8533921 -0.005256133     19339.54
      7105.4   0.01765085   -0.8546745 -0.005356914     19340.22
      7105.6   0.01791983   -0.8547595 -0.004145168     19341.08
      7105.8   0.01829096   -0.8555434 -0.003073987     19341.97
        7106   0.01872196   -0.8567083   -0.0024607     19342.75
      7106.2    0.0190498   -0.8571337 -0.0009449115      19343.5
      7106.4   0.01930644   -0.8567281 -0.0002734686     19344.29
      7106.6   0.01963086   -0.8562993 -0.0006590162     19345.04
      7106.8   0.02009774    -0.856927 -0.0002863547     19345.72
        7107   0.02076523   -0.8576609  0.001860511     19346.41
      7107.2   0.02150391   -0.8569572  0.006004999     19347.25
      7107.4   0.02209297   -0.8548109   0.01031201     19348.24
      7107.6     0.022547    -0.852123   0.01167287     19349.12
      7107.8   0.02299489   -0.8494113   0.00875931     19349.83
        7108   0.02347004   -0.8476189  0.005031947     19350.39
      7108.2   0.02398788   -0.8478034  0.004004685     19350.82
      7108.4   0.02464537   -0.8480975  0.005564499     19351.35
      7108.6   0.02538749   -0.8462075  0.009229331     19351.98
      7108.8   0.02610821   -0.8431673   0.01245881     19352.51
        7109   0.02685815     -0.84042   0.01304913      19352.9
      7109.2   0.02772474   -0.8381304   0.01268959     19353.05
      7109.4   0.02868079   -0.8357682   0.01271346     19353.16
      7109.6   0.02963997   -0.8330156   0.01394523     19353.46
      7109.8   0.03063533   -0.8302492   0.01708793     19353.72
        7110   0.03176228   -0.8269743   0.02327692     19353.81
      7110.2   0.03313813   -0.8220979   0.03280995     19353.67
      7110.4   0.03478738   -0.8143941   0.04664604     19353.24
      7110.6   0.03689866   -0.8040012    0.0649997     19352.64
      7110.8   0.03919057   -0.7896574   0.08478326      19351.8
        7111   0.04175914   -0.7700981    0.1058804     19350.79
      7111.2   0.04504825   -0.7465675    0.1266331     19349.68
      7111.4   0.04904009   -0.7192969    0.1429549     19348.59
      7111.6    0.0536927   -0.6883509    0.1539016     19347.33
      7111.8   0.05861628   -0.6557342    0.1580651     19345.93
        7112   0.06374935   -0.6234462    0.1519058     19344.43
      7112.2   0.06857992   -0.5928448    0.1391448     19342.84
      7112.4   0.07298783   -0.5668263    0.1247431     19341.41
      7112.6   0.07710179   -0.5444184    0.1102241      19339.9
      7112.8   0.08065844   -0.5236517   0.09920508     19338.46
        7113   0.08386818   -0.5046656   0.08991827     19337.24
      7113.2   0.08688549   -0.4874623   0.08101748     19336.07
      7113.4   0.08978677   -0.4724838   0.07464735     19335.07
      7113.6    0.0927714   -0.4588377   0.07100377     19334.43
      7113.8   0.09579336   -0.4449477   0.06874599     19334.11
        7114   0.09855991   -0.4306592   0.06682866     19333.97
      7114.2    0.1011726    -0.417487   0.06543673     19334.05
      7114.4    0.1037337   -0.4053748   0.06255094     19334.17
      7114.6    0.1063548   -0.3925983    0.0588751     19334.35
      7114.8    0.1090954   -0.3806185   0.05517281     19334.75
        7115    0.1122346   -0.3703869   0.04982356     19335.03
      7115.2    0.1161751   -0.3612365   0.04313744      19335.3
      7115.4    0.1209342   -0.3527395   0.03583654     19335.76
      7115.6     0.126558   -0.3461085   0.02886853     19336.26
      7115.8    0.1329559   -0.3417177   0.01998902     19336.84
        7116    0.1403466   -0.3381417   0.01088237     19337.49
      7116.2    0.1491563   -0.3367482  0.005042325     19337.97
      7116.4    0.1589594   -0.3374026  0.002585765     19338.34
      7116.6    0.1695808   -0.3376838  0.006056402     19338.68
      7116.8    0.1814054   -0.3360731    0.0148913     19338.91
        7117    0.1944344   -0.3319031    0.0248531     19339.09
      7117.2    0.2087706   -0.3254896   0.03465784     19339.28
      7117.4    0.2243434   -0.3178013   0.04472368     19339.31
      7117.6    0.2410124   -0.3083468   0.05334054     19339.19
      7117.8    0.2589603   -0.2961242   0.06037278     19338.98
        7118    0.2782391   -0.2828172   0.06763752     19338.68
      7118.2    0.2989061   -0.2695031   0.07326575     19338.57
      7118.4    0.3209999   -0.2542368   0.07652395     19338.64
      7118.6    0.3440802   -0.2375116   0.07921879     19338.59
      7118.8    0.3680255    -0.221598   0.07980886     19338.55
        7119    0.3934273   -0.2061281   0.08064591     19338.62
      7119.2    0.4200014   -0.1903897   0.08471419     19338.63
      7119.4    0.4467711   -0.1729948   0.08792761     19338.61
      7119.6    0.4733246   -0.1538267   0.08815057     19338.55
      7119.8    0.4999698    -0.135786   0.08538544     19338.31
        7120    0.5268556   -0.1198692   0.08056377     19337.89
      7120.2    0.5530078   -0.1046865   0.07557291     19337.48
      7120.4    0.5777965  -0.08937564   0.07161559      19337.2
      7120.6    0.6010872  -0.07532766   0.07082621     19336.95
      7120.8    0.6231538  -0.06257678    0.0725909      19336.8
        7121    0.6445752  -0.04802552   0.07657302     19336.69
      7121.2    0.6655031  -0.03130292   0.08159039      19336.5
      7121.4    0.6858553  -0.01406925   0.08050676     19336.41
      7121.6    0.7057772  0.002695528   0.07284904     19336.25
      7121.8    0.7260956   0.01637989   0.06140093     19336.01
        7122    0.7470594   0.02697631   0.04916482     19335.85
      7122.2    0.7684105   0.03505149   0.04309675     19335.62
      7122.4    0.7901968   0.04202739   0.04504781     19335.28
      7122.6    0.8132059   0.05085729    0.0519983     19334.81
      7122.8    0.8380573   0.06301455   0.05916144     19334.26
        7123    0.8640498   0.07665013    0.0645764     19333.91
      7123.2    0.8906806   0.08935654   0.06098771     19333.63
      7123.4    0.9182159    0.1025184    0.0453083     19333.17
      7123.6    0.9471589    0.1118047   0.02374146     19332.79
      7123.8    0.9766219    0.1128968  0.001641886     19332.48
        7124     1.005127    0.1083497  -0.01053547     19332.08
      7124.2     1.032774    0.1038319   -0.0111063     19331.76
      7124.4     1.059096    0.1033763 -0.007512349     19331.58
      7124.6     1.083239    0.1040117   -0.0017878     19331.43
      7124.8     1.105246    0.1023398  0.004251456     19331.18
        7125     1.124874    0.1024017   0.01127855     19330.79
      7125.2     1.142391    0.1067775   0.01971261      19330.2
      7125.4     1.157773    0.1130346   0.02135467     19329.53
      7125.6     1.171332    0.1181099   0.01745838     19328.82
      7125.8     1.184005    0.1194854   0.01402942     19327.97
        7126     1.195841    0.1207442   0.01383577     19327.14
      7126.2     1.206992    0.1242581   0.02347257     19326.27
      7126.4     1.217965    0.1291785   0.03532806     19325.38
      7126.6     1.229284    0.1382635   0.03938674     19324.53
      7126.8     1.241044    0.1490067   0.03484174     19323.62
        7127     1.252955    0.1557675   0.02015553     19322.87
      7127.2     1.265552    0.1570519  0.000556543     19322.22
      7127.4     1.279263    0.1543879  -0.01800895     19321.45
      7127.6     1.293244    0.1494519  -0.03112048     19320.85
      7127.8     1.307095    0.1413603  -0.03610009     19320.42
        7128     1.320841    0.1321555  -0.02969211     19319.94
      7128.2     1.333919    0.1255078 -0.008163686     19319.51
      7128.4     1.345946    0.1256982    0.0195127     19319.15
      7128.6     1.355974    0.1348294   0.04512416     19318.89
      7128.8     1.363498    0.1477657   0.06538352      19318.5
        7129     1.368588    0.1616072   0.07840664     19318.06
      7129.2     1.370863     0.178005   0.08741293     19317.69
      7129.4     1.369928    0.1975547    0.0962757     19317.26
      7129.6     1.365698    0.2176961   0.09955594     19316.72
      7129.8     1.358902    0.2386277   0.09364739     19316.17
        7130     1.349188    0.2576498   0.08491518     19315.45
      7130.2     1.336487    0.2724726   0.07690473     19314.43
      7130.4     1.321837    0.2856282   0.07284574     19313.45
      7130.6     1.305424    0.3001515    0.0675068     19312.46
      7130.8     1.287877    0.3159264   0.05728157     19311.34
        7131      1.26941     0.326478   0.03929725     19310.16
      7131.2     1.250094    0.3314535   0.01810277     19308.99
      7131.4     1.230698    0.3315893  0.004985236     19307.93
      7131.6     1.211459    0.3304086 -0.0004898013        19307
      7131.8     1.192492    0.3304662 -0.000116585        19306
        7132     1.174175    0.3310616  0.005356751     19304.94
      7132.2     1.156965     0.331496   0.01016832     19304.15
      7132.4     1.141082     0.334694  0.009726317     19303.57
      7132.6     1.126103    0.3386009  0.008933433     19303.13
      7132.8      1.11215    0.3388427  0.004759422      19302.8
        7133     1.099656    0.3386428 -0.001426492     19302.62
      7133.2     1.088469    0.3385015 -0.008473905     19302.84
      7133.4     1.078573    0.3374597  -0.02265908     19303.52
      7133.6     1.069734    0.3320635  -0.03532561     19304.28
      7133.8      1.06164    0.3205155  -0.04120424     19304.96
        7134     1.054293     0.310241  -0.04016995     19305.88
      7134.2     1.047663    0.3044963   -0.0315935     19306.96
      7134.4     1.041515    0.2999276  -0.02266305     19308.01
      7134.6     1.035542    0.2952407  -0.01871865     19309.17
      7134.8     1.029887    0.2921106  -0.02303673     19310.33
        7135     1.024497    0.2895214  -0.03218691     19311.45
      7135.2       1.0192    0.2814982  -0.03861032     19312.59
      7135.4     1.014168    0.2694912  -0.04135653     19313.72
      7135.6     1.009062    0.2612223  -0.03593255     19314.81
      7135.8      1.00378    0.2564362  -0.02406305     19315.71
        7136    0.9986753    0.2527522  -0.01749041     19316.56
      7136.2    0.9935997    0.2502407  -0.01338145     19317.32
      7136.4    0.9886043      0.24723  -0.00737778     19317.57
      7136.6    0.9838381     0.245731 -0.001022359     19316.82
      7136.8    0.9792833    0.2468499  0.007295623     19314.14
        7137    0.9753279    0.2494229   0.01357106     19307.58
      7137.2    0.9719134    0.2530665   0.01723174     19294.68
      7137.4    0.9687466    0.2565879   0.01713998     19272.63
      7137.6    0.9660167    0.2606353   0.01576933     19238.98
      7137.8    0.9635505    0.2631348   0.01481116     19195.59
        7138    0.9612229     0.265682   0.01028398      19148.9
      7138.2    0.9592056    0.2684368  0.003122039     19106.95
      7138.4    0.9574966    0.2688625 -0.005720296     19078.09
      7138.6    0.9565529    0.2656325  -0.01408377     19067.94
      7138.8    0.9563101    0.2611057  -0.01956205      19075.8
        7139    0.9563498    0.2571698   -0.0155533     19096.52
      7139.2    0.9568914    0.2532129 -0.008754958     19125.14
      7139.4    0.9580542    0.2531898 -0.003798958     19157.25
      7139.6    0.9598618    0.2541018  0.003008236     19189.59
      7139.8    0.9620155    0.2541306  0.002737112     19220.83
        7140    0.9649239    0.2556195 -0.002325908     19250.15
      7140.2    0.9687842    0.2553795 -0.0003063379     19275.16
      7140.4    0.9728757     0.252241  0.009975386     19293.17
      7140.6    0.9772601    0.2538855   0.02247386     19304.41
      7140.8     0.981837    0.2635998   0.03677048      19311.2
        7141    0.9866374    0.2733586   0.04678529     19315.14
      7141.2    0.9917184    0.2816574    0.0452322     19316.44
      7141.4     0.997153    0.2913138   0.03956157     19314.36
      7141.6     1.002681    0.2997855   0.02679085     19307.17
      7141.8     1.007954    0.3050079    0.0018608     19291.91
        7142     1.012969    0.3030901  -0.02332984     19265.64
      7142.2     1.017577    0.2928024  -0.04369013     19227.13
      7142.4     1.021703    0.2811217  -0.05633137     19179.32
      7142.6     1.025175    0.2700558  -0.05288411     19129.53
      7142.8     1.027695     0.258025  -0.03959419     19086.93
        7143     1.029127    0.2504951  -0.02755701     19060.85
      7143.2      1.02981    0.2494463  -0.01929114     19056.86
      7143.4     1.029937    0.2480101  -0.01610047     19074.31
      7143.6     1.029568    0.2425921  -0.01605952     19109.08
      7143.8     1.028814    0.2376147  -0.01364524     19154.29
        7144     1.028005    0.2365987 -0.005337444     19200.62
      7144.2     1.026745     0.237094  0.003119561     19241.56
      7144.4     1.024669    0.2383221  0.005179571     19274.75
      7144.6     1.022043    0.2401104  0.002794971     19298.38
      7144.8     1.018989    0.2407423 -0.002174831     19312.87
        7145     1.015354    0.2393299 -0.007431204     19321.96
      7145.2     1.011347    0.2365823 -0.009979749     19328.41
      7145.4     1.006991    0.2341654 -0.005660476     19333.29
      7145.6     1.002381    0.2327585  0.003615757     19337.25
      7145.8    0.9981939    0.2348015   0.01317389     19340.56
        7146    0.9939264    0.2394749   0.02389329     19343.41
      7146.2    0.9895426    0.2447045   0.03469043     19345.88
      7146.4    0.9850615    0.2518732   0.04289344     19348.27
      7146.6    0.9804062    0.2625539   0.04491158     19350.61
      7146.8    0.9759201    0.2737896   0.04033139     19352.85
        7147    0.9716305    0.2806338   0.03083534     19354.96
      7147.2    0.9673236    0.2841383   0.01981949     19356.87
      7147.4    0.9631975    0.2872222   0.01550934     19358.81
      7147.6    0.9593403    0.2896452   0.01596172     19360.59
      7147.8    0.9554768    0.2930413   0.01565867     19362.18
        7148    0.9518235    0.2969077   0.01897324     19363.74
      7148.2    0.9484287    0.2997491   0.02711585     19365.38
      7148.4    0.9451694    0.3048238   0.03702751      19367.1
      7148.6    0.9419819     0.314734   0.04499497     19368.65
      7148.8    0.9389266    0.3265297   0.04700291     19370.22
        7149    0.9363072    0.3357451   0.04393137     19371.98
      7149.2    0.9338577    0.3424261   0.04170476     19373.63
      7149.4    0.9315096     0.349879   0.04073643     19375.13
      7149.6    0.9292911    0.3598935   0.03354269      19376.5
      7149.8    0.9270171    0.3683342     0.018883     19377.75
        7150     0.925106    0.3692603  0.003615051     19379.02
      7150.2    0.9233782    0.3649854 -0.002839662     19380.31
      7150.4    0.9217538    0.3627855  0.004652566     19381.54
      7150.6    0.9202803    0.3660625   0.01685306     19382.69
      7150.8    0.9188938    0.3729823   0.02393553      19383.8
        7151    0.9175214    0.3784679   0.02509971     19384.85
      7151.2    0.9162157     0.381934   0.01503821     19385.84
      7151.4    0.9149802    0.3861423 -0.003034136     19386.82
      7151.6     0.913804    0.3850129  -0.01905935     19387.81
      7151.8    0.9126449    0.3760406  -0.02950445     19388.81
        7152    0.9115697    0.3666865  -0.02707604     19389.73
      7152.2     0.910543    0.3625387  -0.01445766     19390.45
      7152.4    0.9096317    0.3633521 -0.004967854     19391.28
      7152.6    0.9088939    0.3644745  0.001111352     19392.24
      7152.8    0.9078588    0.3627122  0.003687339     19393.16
        7153    0.9070918    0.3634278  0.001777739     19394.18
      7153.2    0.9066555     0.366302  0.001628776     19395.25
      7153.4    0.9059163    0.3658966 0.0002030722     19396.24
      7153.6    0.9050416    0.3640152 -0.003119321     19397.09
      7153.8    0.9042931    0.3635902 -0.003087192     19397.86
        7154    0.9039117    0.3638065 -0.0005534451     19398.69
      7154.2    0.9035898    0.3634269  0.001976892     19399.62
      7154.4     0.903244    0.3635725  0.004010191     19400.58
      7154.6    0.9030369    0.3651718  0.005171661     19401.49
      7154.8    0.9029299    0.3670147  0.003783313     19402.44
        7155    0.9028169    0.3675642    0.0002715     19403.42
      7155.2    0.9028156    0.3665991 -0.002275393     19404.37
      7155.4    0.9029419     0.365389 -0.003905633     19405.23
      7155.6    0.9031284    0.3651943 -0.007728102     19406.04
      7155.8     0.903498    0.3644397  -0.01424401     19406.99
        7156    0.9039675    0.3604166  -0.02095654     19407.95
      7156.2    0.9046344    0.3539937  -0.02423318     19408.77
      7156.4    0.9051565    0.3484291  -0.01932659     19409.54
      7156.6    0.9055894    0.3450532 -0.006081916     19410.33
      7156.8    0.9064428    0.3449554  0.006498718     19411.13
        7157    0.9072316    0.3491282   0.01516491     19411.87
      7157.2    0.9080547    0.3536281   0.01729532     19412.67
      7157.4    0.9089082    0.3571851   0.01252092     19413.65
      7157.6    0.9095547    0.3587916   0.01007385     19414.64
      7157.8    0.9106451    0.3591449  0.005780066     19415.53
        7158    0.9119852    0.3616872 -0.001928595     19416.42
      7158.2     0.913423    0.3618092 -0.005405655      19417.2
      7158.4    0.9149657    0.3572487 -0.005569349     19417.84
      7158.6    0.9163776    0.3548204 -0.001051851     19418.46
      7158.8    0.9178159    0.3572317  0.009016525     19418.94
        7159    0.9191318    0.3609677   0.01062599     19419.32
      7159.2    0.9203512     0.364462 -0.0002839978     19419.79
      7159.4    0.9217108    0.3633212  -0.01303732     19420.41
      7159.6    0.9228434    0.3570045  -0.02183503     19421.03
      7159.8    0.9243027    0.3505378  -0.02159379     19421.73
        7160    0.9258132    0.3469939  -0.01319114     19422.57
      7160.2    0.9272136    0.3460462 -0.001923636     19423.47
      7160.4     0.928652    0.3464516  0.006312381     19424.33
      7160.6    0.9300374    0.3489989  0.008684119     19425.04
      7160.8     0.931623    0.3520438  0.009522261     19425.75
        7161    0.9331756    0.3529935   0.01162211     19426.56
      7161.2    0.9345012    0.3540694   0.01415511     19427.39
      7161.4    0.9358687    0.3582966   0.01533795     19428.01
      7161.6    0.9374548    0.3633679   0.01326087     19428.64
      7161.8    0.9388336    0.3652638  0.003872555     19429.28
        7162    0.9397759    0.3646781  -0.01357306     19429.71
      7162.2    0.9408199    0.3613946  -0.02808501     19430.19
      7162.4    0.9421985    0.3525095  -0.03216273     19430.71
      7162.6    0.9436674    0.3427958  -0.02717827     19431.11
      7162.8    0.9453222    0.3389479  -0.01408102     19431.35
        7163    0.9469284     0.339652 0.0004668752     19431.58
      7163.2    0.9486353    0.3412446  0.005399442     19431.87
      7163.4    0.9505281    0.3431693    0.0036012     19432.31
      7163.6    0.9525305    0.3432674  0.004479296     19432.81
      7163.8    0.9544697     0.342533  0.006572052     19433.25
        7164     0.956564    0.3448281   0.01050418     19433.77
      7164.2    0.9588845     0.348427   0.01585231     19434.16
      7164.4    0.9615074    0.3516708   0.01589123     19434.69
      7164.6    0.9643162    0.3552148    0.0104273     19435.29
      7164.8    0.9670835    0.3575411  0.003031444     19435.66
        7165    0.9700756    0.3567688 -0.002504042     19436.06
      7165.2      0.97362    0.3540959 -0.003731493     19436.46
      7165.4    0.9772673    0.3532116 -0.004443213        19437
      7165.6    0.9807876    0.3545559 -0.006287852      19437.5
      7165.8    0.9844208    0.3532142  -0.01046258     19437.81
        7166    0.9880824    0.3490657  -0.01763633     19438.05
      7166.2    0.9918375    0.3448415  -0.02177536     19438.34
      7166.4    0.9958106    0.3404468  -0.02016389     19438.76
      7166.6      0.99967     0.335794  -0.01398684     19438.98
      7166.8     1.003479    0.3329345 -0.005363217     19439.07
        7167     1.007658    0.3336521  0.004452889     19439.18
      7167.2     1.012021    0.3361562   0.01203191     19439.18
      7167.4     1.016197    0.3393563   0.01507885     19439.27
      7167.6     1.020297    0.3425601   0.01729624     19439.48
      7167.8     1.024358    0.3457151   0.01577052     19439.72
        7168      1.02826    0.3499932   0.01075785     19440.08
      7168.2     1.032202    0.3519727  0.005464583     19440.52
      7168.4     1.035992    0.3511664 -0.002510485     19440.99
      7168.6     1.039661    0.3500868 -0.006333804     19441.61
      7168.8     1.043371    0.3479848 -0.005015302      19442.3
        7169     1.046988    0.3469056 -0.002187811     19442.96
      7169.2     1.050408    0.3471541  0.004481554      19443.6
      7169.4     1.053788    0.3483366  0.007368843     19444.24
      7169.6     1.057071    0.3515701  0.002241413     19444.87
      7169.8     1.060063    0.3528007 -0.004478843     19445.44
        7170     1.062785    0.3489472  -0.01513105     19445.86
      7170.2     1.065404    0.3447535  -0.02878029     19446.28
      7170.4     1.067946    0.3394652  -0.03531031     19446.87
      7170.6     1.070423    0.3297765  -0.03886234     19447.45
      7170.8      1.07283     0.320699  -0.04399022     19448.02
        7171     1.075069    0.3136636  -0.04611218     19448.76
      7171.2     1.077308    0.3042731  -0.04396527     19449.58
      7171.4     1.079414    0.2928867  -0.03562841     19450.36
      7171.6     1.081197    0.2855268  -0.02007269     19451.08
      7171.8     1.083115    0.2851609  0.000148285     19451.86
        7172     1.085257    0.2882149   0.01650116      19452.7
      7172.2     1.087158    0.2930054   0.02040611     19453.45
      7172.4     1.088855    0.2987277   0.01548467     19454.24
      7172.6     1.090215    0.3014858   0.01120184     19455.14
      7172.8     1.091366    0.3006027   0.01000329     19455.89
        7173     1.092664    0.3019668     0.010057      19456.6
      7173.2     1.093751    0.3067303   0.01309822     19457.49
      7173.4     1.094692    0.3095314   0.01380191     19458.15
      7173.6     1.095506    0.3110812  0.008811122      19458.7
      7173.8     1.096066    0.3130084 0.0008353471     19459.34
        7174     1.096794    0.3137792 -0.009031941     19459.97
      7174.2     1.097518    0.3101996  -0.01599644     19460.65
      7174.4     1.097981    0.3038557  -0.02030961     19461.23
      7174.6     1.098265    0.3002112  -0.02184808     19461.86
      7174.8     1.098502    0.2975316  -0.02109307     19462.61
        7175     1.098714    0.2927212  -0.02279768     19463.33
      7175.2      1.09876    0.2869812  -0.02213963     19464.15
      7175.4     1.098734    0.2819731  -0.02054769     19464.99
      7175.6     1.098662    0.2798199  -0.01850693      19465.8
      7175.8     1.098443     0.276283  -0.01535365     19466.51
        7176     1.098157    0.2721757  -0.01756594     19467.22
      7176.2     1.097673    0.2696902  -0.01991157     19467.96
      7176.4     1.097049    0.2657671  -0.01986114     19468.62
      7176.6     1.096592    0.2603538  -0.01689181      19469.3
      7176.8     1.095938    0.2562868  -0.01252896     19469.91
        7177      1.09489    0.2561767  -0.01277796     19470.47
      7177.2     1.093826    0.2557439  -0.01566956     19471.02
      7177.4     1.092425    0.2501314  -0.01857326      19471.7
      7177.6     1.090855    0.2437511  -0.01962798     19472.49
      7177.8     1.089365    0.2413181  -0.01734641     19473.27
        7178     1.087598    0.2400415  -0.01499515     19474.15
      7178.2     1.085789    0.2362543  -0.01531038     19475.13
      7178.4     1.084096     0.231755  -0.01791783     19476.12
      7178.6     1.082489    0.2290698  -0.02027697        19477
      7178.8     1.080853    0.2257073   -0.0204989     19477.89
        7179     1.078807    0.2200327  -0.01774388     19478.69
      7179.2     1.076508    0.2153559  -0.01085128     19479.32
      7179.4      1.07437    0.2148747 -0.001175708     19479.81
      7179.6     1.072337    0.2170263  0.008425418     19480.32
      7179.8     1.070272    0.2190921    0.0114024     19481.05
        7180     1.068087    0.2220962  0.009215622     19481.82
      7180.2      1.06619    0.2239966  0.005179854      19482.3
      7180.4     1.063955    0.2243988 -0.002597857     19482.84
      7180.6     1.061704     0.223236 -0.008731225      19483.4
      7180.8     1.059711    0.2200179  -0.01131521      19483.9
        7181     1.057676    0.2170116  -0.01233624     19484.46
      7181.2     1.055566    0.2153466   -0.0117454     19485.05
      7181.4     1.053393     0.213367 -0.006706867     19485.72
      7181.6      1.05121    0.2106216 0.0001222717     19486.54
      7181.8     1.049065    0.2116461   0.00789693     19487.38
        7182     1.047021    0.2154444   0.01927466     19488.16
      7182.2       1.0449    0.2196846   0.02740284     19488.98
      7182.4     1.042849    0.2260413   0.03177581     19489.78
      7182.6     1.040689    0.2335684   0.03307749     19490.38
      7182.8     1.038671    0.2408651   0.02946582     19490.99
        7183     1.037114    0.2461466   0.02158662     19491.76
      7183.2     1.035508     0.249614  0.008731989     19492.51
      7183.4     1.033755    0.2508377 -0.0003630605     19493.26
      7183.6     1.031955    0.2478506 -0.001322561     19494.06
      7183.8     1.030189    0.2458561  0.002722475      19494.8
        7184     1.028625    0.2485559   0.01316184     19495.59
      7184.2      1.02716    0.2530157   0.02581856     19496.44
      7184.4     1.025613    0.2583801   0.03149375      19497.2
      7184.6      1.02385     0.266511   0.02607013     19497.87
      7184.8       1.0222    0.2737509   0.01765681     19498.51
        7185     1.020853    0.2738718   0.01022473     19499.25
      7185.2     1.019339    0.2725056  0.005435391      19500.1
      7185.4     1.017685    0.2746907  0.008804997     19501.02
      7185.6     1.016399    0.2780993   0.01557247     19501.94
      7185.8      1.01525    0.2809158   0.01937138     19502.78
        7186     1.013699    0.2849635   0.01790174     19503.69
      7186.2     1.012407    0.2901879   0.01464566      19504.7
      7186.4     1.011528    0.2924206   0.01103015     19505.65
      7186.6     1.010307    0.2926323  0.008470033     19506.57
      7186.8     1.008823    0.2937877    0.0121062     19507.41
        7187     1.007483    0.2969639   0.01545776     19508.24
      7187.2     1.006202    0.3021056   0.01181708     19509.08
      7187.4     1.004872    0.3049985  0.001791484     19509.77
      7187.6     1.003686    0.3032413 -0.009627215     19510.44
      7187.8     1.002604    0.2983971  -0.01404325     19511.16
        7188     1.001258    0.2944038  -0.01125889     19511.86
      7188.2    0.9997064    0.2937639  -0.00363029     19512.67
      7188.4    0.9982643    0.2942342  0.003900366     19513.52
      7188.6    0.9970275    0.2954928  0.005398089     19514.25
      7188.8    0.9958736    0.2975241  0.002669089     19514.85
        7189    0.9946046    0.2980824 -0.004023562     19515.43
      7189.2     0.993333    0.2963695  -0.01121642     19516.15
      7189.4    0.9919698     0.292274  -0.01218473     19516.99
      7189.6    0.9907976     0.288551 -0.007658291     19517.76
      7189.8    0.9897248    0.2883346 0.0004862823     19518.57
        7190    0.9885572    0.2902428   0.01033514     19519.49
      7190.2    0.9872222     0.292663   0.01995108     19520.31
      7190.4    0.9858523    0.2968191   0.02730239     19521.22
      7190.6    0.9843211    0.3042955   0.02873822     19522.05
      7190.8    0.9830977    0.3120848   0.02570903     19522.91
        7191    0.9821082    0.3156536   0.01817781     19523.81
      7191.2    0.9810194    0.3173863  0.008947212     19524.66
      7191.4    0.9799097    0.3188377  0.007559202     19525.52
      7191.6    0.9787738    0.3192425   0.01122567      19526.3
      7191.8    0.9775639     0.321701   0.01532546     19527.06
        7192    0.9765371    0.3263669   0.01935226     19527.94
      7192.2    0.9758418    0.3310981   0.01950608      19528.8
      7192.4    0.9750746    0.3347243   0.01903176     19529.59
      7192.6    0.9742978    0.3373058   0.01975894      19530.5
      7192.8    0.9735734    0.3415923   0.01856924     19531.43
        7193    0.9729489    0.3469052   0.01572492     19532.31
      7193.2    0.9726198    0.3495797   0.00938275     19533.24
      7193.4    0.9722143    0.3498857 0.0002078438     19534.09
      7193.6    0.9715461    0.3490985 -0.007586559     19534.94
      7193.8    0.9707632    0.3470715  -0.01428072     19535.88
        7194    0.9699717    0.3435105  -0.01910051     19536.66
      7194.2    0.9693919    0.3384612  -0.02119404     19537.43
      7194.4    0.9687945    0.3338181  -0.01962909     19538.25
      7194.6    0.9682809    0.3301163  -0.01268657     19539.07
      7194.8    0.9679853    0.3278072 -0.004956647     19539.91
        7195     0.967726    0.3283119 0.0009608829      19540.9
      7195.2    0.9674921    0.3298527   0.00726992     19541.83
      7195.4    0.9672985     0.330885  0.009857968     19542.76
      7195.6    0.9672626    0.3336231  0.008230213     19543.67
      7195.8    0.9673311    0.3361983  0.002901762     19544.48
        7196    0.9674743    0.3364369 -0.007244407     19545.34
      7196.2    0.9677395    0.3332064   -0.0183196     19546.28
      7196.4    0.9678894    0.3278276  -0.02770317     19547.16
      7196.6     0.968061    0.3215426  -0.03269092     19548.04
      7196.8    0.9684369    0.3142744  -0.03322748     19549.11
        7197    0.9689305    0.3070537  -0.02939242     19550.12
      7197.2    0.9693526    0.3012456  -0.02441405     19551.02
      7197.4    0.9697647    0.2980287  -0.02099566      19551.9
      7197.6    0.9702905    0.2947431  -0.01755989     19552.74
      7197.8    0.9707932    0.2902571  -0.01658601     19553.59
        7198    0.9713948    0.2871977  -0.01653652     19554.51
      7198.2     0.972075    0.2847599   -0.0134031     19555.34
      7198.4    0.9727511    0.2815139 -0.008376433     19556.07
      7198.6    0.9734424    0.2795347 -0.002593142     19556.83
      7198.8    0.9740556    0.2804966  0.002973204     19557.62
        7199    0.9747378    0.2826853  0.005611518     19558.37
      7199.2    0.9753304    0.2838925  0.004742954     19559.13
      7199.4    0.9759443    0.2840239  0.004979981     19559.91
      7199.6    0.9768673    0.2842909  0.007356288     19560.83
      7199.8     0.977849    0.2866693  0.007738497     19561.67
        7200    0.9786147    0.2897775  0.004514185     19562.45
      7200.2    0.9795045    0.2902147 -0.002151299     19563.34
      7200.4    0.9805074    0.2879023 -0.006279608     19564.13
      7200.6    0.9815098    0.2849483 -0.005763246     19564.83
      7200.8    0.9824687    0.2847538 -0.005259791      19565.6
        7201    0.9832463    0.2856041 -0.005179275     19566.31
      7201.2    0.9839995    0.2836945 -0.006606297     19566.93
      7201.4     0.984999    0.2808049  -0.01060406     19567.58
      7201.6    0.9859572    0.2794688  -0.01395495     19568.27
      7201.8    0.9866903    0.2771208  -0.01596054     19568.99
        7202    0.9873477    0.2725305  -0.02084921     19569.73
      7202.2    0.9880205    0.2680364  -0.02679541     19570.47
      7202.4    0.9888696    0.2627894  -0.02875238     19571.09
      7202.6    0.9897318    0.2556845   -0.0259199     19571.73
      7202.8    0.9904183    0.2495286  -0.02004112     19572.62
        7203    0.9909519    0.2473005   -0.0120884     19573.56
      7203.2    0.9916417    0.2467565 -0.005153918     19574.51
      7203.4    0.9922027    0.2460138 -0.004025918     19575.53
      7203.6    0.9926956    0.2454054 -0.005653739     19576.51
      7203.8    0.9932522    0.2440798 -0.005024445     19577.39
        7204    0.9936254    0.2422335 -0.003416092     19578.14
      7204.2     0.993919    0.2419942 -0.0006294714     19578.83
      7204.4    0.9943568    0.2426726 0.0005945995     19579.54
      7204.6    0.9945906    0.2435762 -0.002052428     19580.22
      7204.8    0.9947215    0.2427092 -0.003494451      19580.8
        7205     0.995169    0.2403523 -0.003210365     19581.35
      7205.2    0.9953824     0.239877 0.0001001968     19581.97
      7205.4    0.9952348    0.2410079  0.004688068     19582.69
      7205.6    0.9951681    0.2427894  0.004891519     19583.52
      7205.8    0.9953342    0.2441027  0.003283017     19584.38
        7206    0.9957348    0.2437902  0.002344228     19585.25
      7206.2    0.9960349    0.2436343 -0.0001479119     19586.15
      7206.4    0.9959919    0.2446648 -0.004575018     19586.96
      7206.6    0.9958699    0.2439844  -0.01050523     19587.66
      7206.8    0.9957359    0.2401302  -0.01787617      19588.3
        7207    0.9954773    0.2352301  -0.02330783        19589
      7207.2    0.9952332    0.2303638  -0.02392002     19589.71
      7207.4    0.9950668    0.2253381   -0.0209662     19590.28
      7207.6    0.9950068    0.2209942  -0.01562394     19590.92
      7207.8    0.9949921    0.2184572 -0.008506278     19591.73
        7208    0.9949335    0.2178647 -0.001551796     19592.45
      7208.2    0.9949258    0.2185331  0.003986533     19593.11
      7208.4    0.9948453    0.2197528  0.007232788     19593.84
      7208.6    0.9946848    0.2216464   0.01146457     19594.79
      7208.8    0.9948078    0.2236509   0.01765336     19595.69
        7209    0.9949107    0.2277048   0.02353911     19596.46
      7209.2    0.9947531    0.2338755   0.02845251     19597.28
      7209.4    0.9946471    0.2404777   0.02874597     19597.95
      7209.6    0.9946787    0.2464129    0.0259445     19598.51
      7209.8     0.994649    0.2507016   0.02488789     19599.13
        7210    0.9945081     0.254631   0.02643065     19599.73
      7210.2    0.9945071     0.260388   0.02712895     19600.33
      7210.4    0.9947363    0.2675574   0.02303371     19601.03
      7210.6    0.9949374    0.2724047   0.01575751     19601.66
      7210.8    0.9950279     0.273058    0.0104468     19602.13
        7211    0.9950773     0.272994   0.01108182     19602.53
      7211.2    0.9951933    0.2759149   0.01707922     19603.09
      7211.4     0.995446    0.2812702    0.0230261      19603.9
      7211.6    0.9955257    0.2867214   0.02974989     19604.65
      7211.8    0.9955888    0.2914149   0.03852557     19605.26
        7212    0.9957303    0.2997148   0.04381843     19605.83
      7212.2    0.9960924    0.3120906   0.04493859     19606.49
      7212.4    0.9967693    0.3217761   0.04101398      19607.2
      7212.6    0.9970364    0.3273658   0.03367307     19607.95
      7212.8     0.997254     0.332526    0.0294376     19608.77
        7213    0.9973268    0.3390291    0.0274566     19609.48
      7213.2    0.9974505    0.3453262   0.02516981     19610.13
      7213.4    0.9978759     0.349331   0.02466357      19610.9
      7213.6    0.9983624    0.3526618   0.02513328     19611.66
      7213.8    0.9987301    0.3587599   0.02524737     19612.35
        7214    0.9991859    0.3654328   0.02473276     19613.22
      7214.2    0.9998113    0.3695289   0.02034268     19614.05
      7214.4     1.000391     0.372448   0.01515057     19614.73
      7214.6     1.001142    0.3750341   0.01431972     19615.55
      7214.8     1.001865    0.3775533   0.01471033     19616.39
        7215     1.002314    0.3809847   0.01374834     19617.05
      7215.2     1.002792    0.3842163   0.01420114     19617.67
      7215.4     1.003475    0.3860327    0.0178191     19618.37
      7215.6      1.00408    0.3889142   0.02310612     19618.96
      7215.8     1.004557      0.39524    0.0285263     19619.51
        7216     1.005291    0.4027012   0.03182577     19620.09
      7216.2     1.006063    0.4088538   0.03202949      19620.6
      7216.4     1.006805    0.4143748   0.02825522     19621.15
      7216.6     1.007673    0.4208636    0.0224725      19621.7
      7216.8     1.008497    0.4253054   0.02141925     19622.17
        7217     1.009258    0.4268318   0.02283323     19622.62
      7217.2     1.010025    0.4315102   0.01969107     19623.16
      7217.4     1.010783    0.4391302   0.01268949     19623.75
      7217.6     1.011628    0.4410582  0.001957441     19624.25
      7217.8     1.012629    0.4369834  -0.01249349     19624.78
        7218     1.013523    0.4330762  -0.01747106     19625.54
      7218.2       1.0143    0.4291354 -0.009980738     19626.33
      7218.4     1.015057    0.4270814 0.0003545942     19627.08
      7218.6     1.015686    0.4289988   0.01258575     19627.95
      7218.8     1.016205    0.4333598   0.01805614     19628.76
        7219     1.016925     0.439204   0.01386242     19629.34
      7219.2     1.017866    0.4415263   0.01172769     19629.83
      7219.4     1.018596    0.4400887   0.01514532     19630.43
      7219.6     1.019106     0.442742    0.0251763        19631
      7219.8     1.019572    0.4513202    0.0361221     19631.63
        7220     1.020265    0.4616673    0.0383399     19632.45
      7220.2     1.021088    0.4689864   0.03036739     19633.34
      7220.4     1.021676    0.4734139   0.01684182     19634.11
      7220.6     1.022286    0.4756142  0.006312184     19634.77
      7220.8      1.02273    0.4751408 -0.001990723     19635.49
        7221     1.022932    0.4740361 -0.009779871     19636.22
      7221.2     1.023208    0.4718213  -0.01465836     19636.87
      7221.4     1.023502    0.4677903  -0.01747897     19637.61
      7221.6     1.023744    0.4634141  -0.01569452     19638.57
      7221.8     1.024091     0.460053 -0.005864853     19639.56
        7222     1.024391    0.4592657  0.009007449     19640.36
      7222.2     1.024466    0.4630984   0.01966361     19641.21
      7222.4     1.024523      0.47062   0.01911603      19642.2
      7222.6     1.024575    0.4757839  0.008510578     19643.09
      7222.8     1.024461    0.4745585 -0.008435892     19643.94
        7223      1.02433    0.4699068  -0.02547344     19644.74
      7223.2     1.024224    0.4638713  -0.03477192     19645.31
      7223.4     1.023981    0.4554051  -0.03717956     19645.96
      7223.6     1.023663     0.446741   -0.0349382     19646.69
      7223.8     1.023301    0.4401632   -0.0257819     19647.36
        7224     1.023075    0.4359208  -0.01276604     19648.03
      7224.2     1.022758    0.4347796 -0.001083804     19648.89
      7224.4     1.022388    0.4365282  0.004098701     19649.81
      7224.6     1.021955    0.4392961 -0.000111994      19650.6
      7224.8     1.021461    0.4391997 -0.006938998      19651.2
        7225     1.020963      0.43469 -0.009243112     19651.72
      7225.2     1.020588     0.430977 -0.005229891     19652.41
      7225.4     1.020156    0.4319017 -0.0006281484     19653.13
      7225.6     1.019618    0.4350158 -0.003181992     19653.79
      7225.8     1.019057    0.4341875  -0.01236181     19654.61
        7226      1.01843    0.4284314  -0.02247562     19655.47
      7226.2     1.017895    0.4220122  -0.02629932     19656.24
      7226.4     1.017354    0.4170353  -0.02534482     19656.99
      7226.6     1.016672     0.413148  -0.02521581     19657.62
      7226.8     1.016006    0.4081555  -0.02588427     19658.21
        7227     1.015229    0.4018396  -0.02861109     19658.76
      7227.2     1.014164    0.3963279  -0.03266178     19659.37
      7227.4     1.013263    0.3902591  -0.03499651     19660.17
      7227.6     1.012597    0.3820261  -0.03623165     19660.82
      7227.8     1.011726    0.3738424   -0.0357861     19661.46
        7228      1.01064    0.3673426  -0.03167396     19662.34
      7228.2     1.009618    0.3616303   -0.0261883     19663.22
      7228.4     1.008713    0.3566869  -0.02008768     19664.07
      7228.6      1.00788    0.3528917  -0.01205347     19664.85
      7228.8     1.007042    0.3512724 -0.009370239     19665.48
        7229     1.006135    0.3519875  -0.01367639     19666.11
      7229.2      1.00519    0.3491908  -0.01868961     19666.68
      7229.4     1.004402    0.3419506  -0.02395465      19667.2
      7229.6     1.003499    0.3363208  -0.02679951     19667.81
      7229.8     1.002388    0.3328238  -0.02448671      19668.4
        7230     1.001447    0.3277511  -0.02360929     19669.02
      7230.2     1.000476    0.3223612  -0.02604961     19669.61
      7230.4    0.9994315    0.3174333  -0.02517148     19670.24
      7230.6     0.998401    0.3119841  -0.02445426     19671.06
      7230.8    0.9973406     0.307614  -0.02539995     19671.78
        7231    0.9964463    0.3027978  -0.02330122     19672.46
      7231.2    0.9954362    0.2971134  -0.02312226     19673.16
      7231.4    0.9942158    0.2933431  -0.02617134      19673.7
      7231.6    0.9932356    0.2891162  -0.02821518     19674.27
      7231.8     0.992401    0.2818608  -0.02961283     19674.82
        7232    0.9913662    0.2745412  -0.02982583      19675.3
      7232.2     0.990438    0.2696528  -0.02756943     19675.87
      7232.4    0.9896796    0.2652555  -0.02450048      19676.4
      7232.6    0.9886145    0.2598052  -0.02169184     19676.92
      7232.8    0.9874456    0.2549408  -0.01858247      19677.5
        7233    0.9864954    0.2522994  -0.01687798     19677.97
      7233.2    0.9856596    0.2503895   -0.0169387      19678.4
      7233.4    0.9849672    0.2463028   -0.0161104     19678.74
      7233.6    0.9842193    0.2413899  -0.01386691     19679.15
      7233.8    0.9832665    0.2394111  -0.01147133      19679.8
        7234    0.9823354     0.239296  -0.01204989     19680.44
      7234.2    0.9814891    0.2371258  -0.01799212     19681.02
      7234.4    0.9806782      0.23175  -0.02505975     19681.67
      7234.6     0.979956    0.2250174  -0.02709601      19682.4
      7234.8     0.979233    0.2192482  -0.02344226     19683.07
        7235    0.9783928     0.215449  -0.01811286     19683.75
      7235.2    0.9777242    0.2129962  -0.01178193     19684.49
      7235.4    0.9772179    0.2105271 -0.006666879     19685.17
      7235.6    0.9764225    0.2098226 -0.003540206     19685.78
      7235.8    0.9758587    0.2101155 0.0009866401     19686.43
        7236    0.9754553     0.210164  0.001384933     19687.31
      7236.2    0.9747512    0.2113164 -0.001458968     19688.16
      7236.4    0.9742867    0.2109306 -0.005759075     19688.83
      7236.6    0.9739974    0.2089483  -0.01477277     19689.54
      7236.8    0.9737353    0.2055567  -0.02220843     19690.25
        7237    0.9734647    0.1994982  -0.02393896     19690.92
      7237.2     0.973078    0.1931639   -0.0212651     19691.48
      7237.4    0.9726964    0.1897971  -0.01632434     19691.92
      7237.6    0.9724053    0.1885446  -0.01257941     19692.35
      7237.8    0.9721373    0.1864387   -0.0120614     19692.84
        7238    0.9720218    0.1831003  -0.01231564     19693.48
      7238.2    0.9720792     0.180148  -0.01048772     19694.19
      7238.4    0.9721573    0.1786921 -0.006678753      19694.9
      7238.6    0.9725049    0.1780485 -0.002350003     19695.69
      7238.8    0.9729307    0.1777573 4.037151e-05     19696.55
        7239    0.9733018     0.178268 -0.002181356     19697.37
      7239.2     0.973742    0.1787244 -0.006716564     19697.98
      7239.4    0.9741587    0.1763034 -0.009008988     19698.59
      7239.6    0.9745942    0.1723841 -0.007423641     19699.37
      7239.8    0.9750483    0.1710608 0.0008588789     19700.11
        7240    0.9755057    0.1727855  0.009537879     19700.74
      7240.2    0.9761198    0.1769905   0.01085787     19701.31
      7240.4    0.9769917    0.1800144   0.01030068     19701.96
      7240.6     0.977708    0.1797471  0.009830404     19702.64
      7240.8    0.9782773    0.1810261  0.009225946     19703.22
        7241    0.9791137    0.1848549   0.01159116     19703.99
      7241.2    0.9800084    0.1873951   0.01347453     19704.86
      7241.4    0.9808414      0.18902   0.01391324     19705.66
      7241.6    0.9817241    0.1918057   0.01700688     19706.57
      7241.8    0.9825579    0.1959854   0.02015833     19707.42
        7242    0.9834842    0.2010006   0.02018235     19708.07
      7242.2    0.9845587    0.2051467     0.017509     19708.66
      7242.4    0.9854877    0.2079516   0.01242336      19709.3
      7242.6    0.9865015    0.2099926  0.006660584     19710.08
      7242.8    0.9879075    0.2109393 0.0004466739     19710.84
        7243    0.9892254    0.2104752 -0.006189668     19711.43
      7243.2    0.9901715    0.2083089 -0.009381095     19712.01
      7243.4    0.9911259    0.2050409 -0.009366305     19712.62
      7243.6      0.99213    0.2034344 -0.007597244     19713.25
      7243.8    0.9931614    0.2029821 -0.003463717     19713.91
        7244    0.9943496    0.2022311 0.0008024405     19714.63
      7244.2    0.9955681    0.2022699  0.005770082     19715.44
      7244.4    0.9966845    0.2040764   0.01158902     19716.28
      7244.6    0.9978139    0.2075982   0.01419981     19717.03
      7244.8     0.998843    0.2115023    0.0125972     19717.69
        7245    0.9997812    0.2136298  0.009432667      19718.3
      7245.2     1.000834    0.2141542  0.005526833     19718.99
      7245.4     1.001763    0.2151443  0.002348929     19719.74
      7245.6     1.002622    0.2159238  0.001601518     19720.44
      7245.8     1.003629    0.2155089  0.001556089     19721.24
        7246     1.004629    0.2154354  0.001555593      19722.1
      7246.2     1.005719    0.2163892  0.001134773     19722.78
      7246.4     1.006631    0.2171683  0.002071439     19723.35
      7246.6     1.007495    0.2164167  0.004915041     19724.01
      7246.8     1.008294    0.2170925  0.007090576     19724.72
        7247     1.009112    0.2203212   0.01008963     19725.36
      7247.2     1.010107    0.2228407     0.012135     19726.18
      7247.4     1.010953    0.2244885   0.01146466     19727.03
      7247.6     1.011455    0.2268005   0.01101031     19727.76
      7247.8     1.011979    0.2294929   0.01039357     19728.54
        7248     1.012688     0.231649  0.008967116     19729.35
      7248.2     1.013405    0.2328033  0.007571795     19730.01
      7248.4     1.013932    0.2339742  0.004013787     19730.62
      7248.6     1.014287    0.2355504 -0.001458559     19731.38
      7248.8     1.014755      0.23486 -0.004757124     19732.15
        7249     1.015296    0.2316365 -0.005244969     19732.84
      7249.2     1.015847    0.2301685 -0.002332769     19733.54
      7249.4      1.01635    0.2313544  0.006112369     19734.17
      7249.6     1.016639    0.2329938   0.01264064     19734.78
      7249.8      1.01664    0.2365264   0.01381735     19735.37
        7250     1.016678     0.240281   0.01473157     19735.89
        7252     1.016827    0.2541821 -0.004935513     19743.05
        7254     1.015376    0.2373281 -0.006665583     19751.26
        7256     1.013718    0.2310628 -0.007842331     19759.24
        7258      1.01276    0.2122382  0.000297303     19766.05
        7260     1.013036    0.1914434  0.003730247     19772.96
        7262     1.014805    0.2397066  0.006416364     19780.41
        7264     1.017329    0.2609048   0.00916295     19788.36
        7266     1.019853    0.2635691  0.007289637      19794.8
        7268     1.021902     0.264747  0.007325242     19800.91
        7270     1.023821    0.2980237  0.009919954     19807.91
        7272      1.02444    0.3195067  0.009473796     19815.72
        7274     1.023897    0.3429287  0.005284318     19822.03
        7276     1.022006    0.3405374  0.004277315     19828.01
        7278     1.018862    0.3402982  0.000961287     19834.36
        7280     1.014368    0.3537253  0.001918398     19840.87
        7282     1.008923     0.350619  0.002948839      19847.7
        7284     1.002579    0.3558846 0.0007882729     19854.91
        7286    0.9962133    0.3638889 8.782198e-05     19861.28
        7288    0.9897123    0.3600314 -0.002138311      19868.7
        7290    0.9834132    0.3513216 -0.005809268     19876.25
        7292     0.978693    0.3387781 -0.005700788     19883.83
        7294    0.9754544    0.3174148 -0.008974391      19891.1
        7296    0.9740358    0.3144251  -0.01163431     19898.04
        7298    0.9739375    0.2795264  -0.01134206     19904.73
        7300     0.975912    0.2457036  -0.01285775     19911.11
        7302    0.9793771    0.2266783   -0.0108386     19916.56
        7304    0.9837593    0.2115631  -0.00672154     19922.86
        7306     0.987971    0.1928176 -0.004624234     19928.93
        7308    0.9920625    0.1919313 -0.002242165     19934.56
        7310    0.9961135    0.1896844 -0.0005710346     19941.19
        7312    0.9997539    0.1936258 0.0004069055     19947.02
        7314     1.002696    0.1882493  0.001394058     19954.36
        7316     1.005214    0.1951865 0.0006357359     19962.04
        7318     1.006412    0.2008369  0.001501204     19968.78
        7320     1.007561    0.1987117 -0.0007180848      19975.8
        7322     1.008268     0.200259  -0.00174306      19982.6
        7324     1.008239    0.1894418 0.0001651468     19988.61
        7326     1.008225    0.1868924 -0.001161489     19995.82
        7328     1.007972    0.2000329 -0.002023811     20001.61
        7330      1.00764     0.190967 -0.002592933     20007.35
        7332     1.006896    0.1732513 -0.005876657     20013.07
        7334      1.00576    0.1661489 -0.004743144     20019.71
        7336     1.004729    0.1530196 -0.0003962534     20026.57
        7338     1.003813    0.1530219 0.0007453317     20033.42
        7340     1.002192    0.1700813  0.003402502     20038.97
        7342     1.000453    0.1721116  0.005392359     20044.79
        7344    0.9989686    0.1802396  0.003327853     20051.62
        7346     0.997456    0.1961608  0.005674233     20057.91
        7348    0.9961903    0.1967041  0.006452245     20063.66
        7350    0.9948488    0.2175055  0.004202691     20069.76
        7352    0.9944089    0.2318576  0.005271063     20076.59
        7354    0.9942814    0.2297823  0.002256344        20083
        7356    0.9940838    0.2388726  0.001730481     20088.81
        7358    0.9938572    0.2355562  0.003798851     20096.26
        7360    0.9933831    0.2457014   0.00342701      20103.1
        7362    0.9928021    0.2601731  0.004700886     20109.07
        7364    0.9922701    0.2662887    0.0039037     20115.16
        7366    0.9916101    0.2731633 0.0009605331     20120.92
        7368    0.9909688     0.276931 -0.001522403     20126.61
        7370    0.9902715    0.2678574 -0.003573653     20132.99
        7372    0.9898284    0.2541095 -0.006330875     20138.05
        7374    0.9902785    0.2445741 -0.008740801     20142.64
        7376    0.9903699     0.226284  -0.01044072     20148.38
        7378    0.9904585     0.197931  -0.01451748     20155.07
        7380    0.9910145    0.1705837  -0.01443393     20160.93
        7382    0.9918317    0.1284342  -0.01187824      20166.8
        7384    0.9926517    0.1108126 -0.008739553     20173.59
        7386    0.9934704     0.102905 -0.003117666      20179.4
        7388    0.9948121    0.1006673 -0.0006898197     20184.97
        7390    0.9959589    0.1034929 0.0009752899     20191.05
        7392    0.9967804    0.1052941 0.0009326318     20196.93
        7394    0.9975001    0.1107074  0.001007627     20203.62
        7396    0.9980042    0.1081284 0.0009893328     20209.46
        7398    0.9982593    0.1115539 -0.0001120245     20215.72
        7400    0.9985253    0.1132087 -0.0003264378     20221.66
        7402      0.99856    0.1098112 -0.002111492     20227.16
        7404    0.9980785    0.1055169 -0.002349262     20233.01
        7406    0.9978405   0.09466198 -0.002305991     20238.92
        7408    0.9971254   0.09441463 -0.001202455     20244.94
        7410    0.9962177   0.09136323 0.0002294704     20250.62
        7412    0.9950931   0.09589723 0.0001170224     20256.67
        7414    0.9939095   0.09649774 -0.0007083515     20263.21
        7416    0.9927013   0.09535081  -0.00136864     20268.65
        7418    0.9913591   0.08569642 -0.0009163619     20273.69
        7420    0.9900244   0.08494811 -0.0008763033     20279.06
        7422    0.9894956   0.08916685 -0.0005688698      20284.3
        7424     0.988863   0.08834038 -0.0008494113     20289.32
        7426    0.9887272   0.08114546 -0.002855434     20295.23
        7428     0.988333   0.07815282 -0.003116106     20301.91
        7430    0.9882151   0.06632337 -0.002191918      20308.7
        7432     0.988579   0.06341153 -0.001483046     20314.96
        7434    0.9887608   0.06361011  0.001412637     20321.25
        7436    0.9890178   0.06628845  0.002439721     20326.79
        7438    0.9890071   0.07762447  0.002726116     20332.75
        7440    0.9892211    0.0829293  0.003201294     20338.24
        7442    0.9892036   0.08541904  0.003554057     20344.03
        7444    0.9896212    0.0918988  0.004268039     20349.23
        7446    0.9898027    0.1060569   0.00454375     20354.23
        7448    0.9900085    0.1170736  0.003203528     20359.44
        7450    0.9902678     0.121769 0.0009122944     20365.97
        7452    0.9908227     0.117527 -0.0004103248     20371.64
        7454       0.9913    0.1133553 -0.002009197     20376.45
        7456    0.9917904     0.113791 -0.002309692     20382.03
        7458    0.9923787    0.1056955 -0.002431976     20388.22
        7460    0.9930251   0.09904949  -0.00331489     20393.84
        7462    0.9938266   0.09389947 -0.003315003      20399.4
        7464    0.9944946   0.08727189 -0.003635737      20405.2
        7466    0.9950359   0.07917544 -0.004632745     20410.56
        7468    0.9953858    0.0699636 -0.005039284      20416.3
        7470    0.9958597   0.05683751 -0.004512697     20421.58
        7472    0.9961523   0.04695763 -0.003206852     20427.55
        7474    0.9963139   0.04307387 -0.002712293     20433.86
        7476    0.9965009   0.04430878 -0.002294344     20438.77
        7478    0.9965486   0.03513917 -0.003092673     20444.18
        7480    0.9965419   0.02860288 -0.004319771     20450.22
        7482    0.9963661   0.01833249 -0.003497177     20455.46
        7484    0.9957809   0.00975061 -0.004197584     20459.59
        7486    0.9951861  0.007161751 -0.003646482     20463.77
        7488    0.9944091 -0.004977795 -0.003503372     20468.05
        7490     0.993856  -0.01083937 -0.003532667     20474.28
        7492    0.9927134  -0.01827637 -0.002488073     20479.49
        7494    0.9919685  -0.02109959 -0.001426592     20484.79
        7496    0.9912916  -0.02488238 -0.0001978346     20490.37
        7498    0.9910575   -0.0222521 0.0005208936     20495.54
        7500    0.9908073  -0.01985905  0.001051752     20500.63
        7502    0.9905306  -0.01693244  0.001121673      20505.9
        7504    0.9902081  -0.01646836 0.0002894306     20511.18
        7506    0.9900747  -0.01327872 -0.0007088222     20516.26
        7508    0.9902275   -0.0175436 -0.000859521     20521.23
        7510    0.9902789  -0.02260302 -0.001200724     20525.83
        7512    0.9905141  -0.02334453 -0.0009741529     20530.49
        7514    0.9908501  -0.02288451 -0.001193038     20534.39
        7516     0.991047  -0.02533683 -0.002030212     20535.81
        7518     0.991298  -0.03214732 -0.002932842     20525.77
        7520    0.9911908  -0.03958622 -0.002328073     20510.73
        7522    0.9912037  -0.04634724  -0.00107536      20507.8
        7524    0.9922828  -0.04396141 -0.0008017229     20426.69
        7526    0.9939666   -0.0407502  0.001672628     20213.67
        7528    0.9906198       -0.046 -0.000439448      20274.3
        7530    0.9936084  -0.03296622 -0.0007578854     20267.51
        7532    0.9889332  -0.04747699 -0.0003061029     20369.05
        7534    0.9915491  -0.04681329 -0.002778392     20572.05
        7536    0.9918517  -0.04844883 -0.001706566     20560.55
        7538    0.9918184  -0.05519335  -0.00125615     20567.25
        7540    0.9921756  -0.06112952 -0.001607769     20588.43
        7542     0.992365  -0.05686249 -0.002081335     20607.69
        7544    0.9926524  -0.06131098 -0.001966735     20614.13
        7546    0.9926675  -0.07184403 -0.002752563     20619.66
        7548    0.9928739   -0.0768634  -0.00250633     20624.63
        7550    0.9930754  -0.07888299 -0.0008148781      20629.6
        7552    0.9933865  -0.08136162 0.0004242511     20634.61
        7554    0.9938676  -0.07836306 0.0008406117      20639.3
        7556    0.9940217  -0.07346939  0.001210431     20644.23
        7558    0.9942796   -0.0721581 0.0009592999     20649.34
        7560    0.9945252  -0.07167817 0.0009464046     20654.77
        7562    0.9948712  -0.07068866 0.0003057046     20659.47
        7564    0.9951517  -0.06589815 -0.000553273     20663.63
        7566    0.9952215  -0.06971246 -0.0004287911      20667.4
        7568    0.9954243  -0.07610435 -0.001394778     20672.16
        7570     0.995528  -0.07411899 -0.002018268     20676.23
        7572    0.9956916  -0.07705638 -0.002277548     20680.58
        7574    0.9956103   -0.0858586 -0.003853242     20685.24
        7576    0.9955832  -0.09432474 -0.004410884     20689.24
        7578    0.9953571   -0.1049449 -0.003721064     20693.38
        7580    0.9952551   -0.1123434 -0.003351601     20697.12
        7582    0.9951676   -0.1156271 -0.002304945     20699.16
        7584    0.9949441   -0.1211375  -0.00203601     20702.36
        7586    0.9950359   -0.1233845 -0.001831768     20705.61
        7588    0.9948236   -0.1286315 -0.001466091     20709.29
        7590    0.9948172   -0.1302813 -0.001740314     20713.67
        7592    0.9948725   -0.1328663 -0.001148933      20717.5
        7594    0.9946073    -0.137307    -0.001433     20720.11
        7596    0.9946516    -0.137823 -0.001209851     20723.29
        7598    0.9948297   -0.1417453 -0.001280988     20726.14
        7600    0.9948461   -0.1425451 -0.002051315     20731.33
        7602    0.9947793   -0.1475549 -0.001929355     20736.69
        7604    0.9948377   -0.1542335 -0.002044918     20741.15
        7606    0.9946943   -0.1571801 -0.002413885     20745.73
        7608    0.9946747   -0.1589044 -0.001996743     20750.16
        7610    0.9948072    -0.166866 -0.001740917     20753.66
        7612    0.9945629   -0.1702075 -0.001957493     20757.67
        7614    0.9947292   -0.1711074 -0.001568915     20761.97
        7616     0.994728   -0.1745644 -0.001236865     20766.55
        7618     0.995138   -0.1794173 -0.001588903     20771.45
        7620    0.9952545   -0.1801024 -0.0006007413     20776.37
        7622    0.9950759   -0.1838187 -8.664209e-05     20781.65
        7624    0.9952269   -0.1793703 -0.000234254     20785.45
        7626     0.995502   -0.1801104 -4.02542e-05     20789.57
        7628    0.9956671   -0.1819764 -0.001432532     20793.96
        7630    0.9959087   -0.1841407 -0.001917654     20798.09
        7632    0.9958703   -0.1908306 -0.002155863     20802.24
        7634    0.9959729   -0.1954517   -0.0024742     20805.88
        7636    0.9960872   -0.1992233 -0.002563831      20810.9
        7638    0.9961176   -0.2039343 -0.002064844     20815.72
        7640    0.9963087   -0.2113412 -0.001514164      20820.6
        7642    0.9963727   -0.2119704 -0.001333103     20824.22
        7644    0.9965955   -0.2113366 -0.001259816     20828.29
        7646    0.9967831   -0.2145991 -0.001532895     20833.15
        7648    0.9971109   -0.2214197 -0.001837063      20837.1
        7650    0.9972906   -0.2242336 -0.001226628      20841.8
        7652    0.9976613   -0.2260331 -0.0006414923      20846.3
        7654    0.9977926   -0.2244121 -0.0004593553     20850.29
        7656    0.9980234   -0.2265517 -9.255571e-05     20854.87
        7658    0.9979254   -0.2279084 -0.0009137071     20858.91
        7660    0.9980316   -0.2267736 -0.001504816     20862.89
        7662    0.9981962   -0.2317218 -0.001305035     20867.36
        7664    0.9982867   -0.2385902 -0.001706951     20871.23
        7666    0.9985536   -0.2383487 -0.001466775     20875.68
        7668     0.998455   -0.2404292 -0.0009648496     20879.28
        7670    0.9984181    -0.243456 -0.001041254     20882.49
        7672    0.9985383    -0.246309 -0.0008672972     20886.56
        7674    0.9985263   -0.2466787 -0.0008463986     20890.61
        7676    0.9985864   -0.2473675 -0.0009609037     20895.26
        7678    0.9985906   -0.2502272 -0.001186848     20899.83
        7680    0.9985174   -0.2539962 -0.001388511     20905.19
        7682    0.9986458   -0.2561735 -0.001000096      20910.1
        7684    0.9986377   -0.2584756 -0.0006178066     20914.75
        7686    0.9989031    -0.258228 -0.0007476442     20918.92
        7688    0.9988819   -0.2589387 -0.001163472     20922.62
        7690    0.9989454   -0.2621547 -0.001598934     20925.51
        7692    0.9989699   -0.2677834 -0.002145568     20929.28
        7694    0.9989764   -0.2710194 -0.002252113     20934.11
        7696    0.9991665   -0.2761032 -0.001781857     20939.23
        7698    0.9990619   -0.2801716 -0.001963547     20942.99
        7700    0.9989682   -0.2820383 -0.001768951     20946.44
        7702    0.9990546   -0.2867278 -0.001671085      20950.3
        7704    0.9992012   -0.2902548 -0.001556941     20954.31
        7706    0.9992044   -0.2935403 -0.0009860028      20957.9
        7708     0.999015   -0.2944938 -0.0008804467     20961.77
        7710    0.9991781   -0.2946158 -0.0005044072     20965.27
        7712    0.9992053   -0.2972984 -0.0004537347     20970.08
        7714    0.9993309   -0.2975755 -0.0008206132     20974.02
        7716    0.9994113   -0.2981237 -0.0006971708     20978.68
        7718    0.9993156   -0.3011807 -0.0004815865     20982.35
        7720    0.9994688   -0.3028758 -0.0003740038     20985.24
        7722    0.9996848   -0.3014282 -0.0006275593     20988.94
        7724    0.9998155   -0.3011157 -0.0009514068     20992.15
        7726    0.9998287   -0.3062012 -0.001242672     20995.27
        7728      1.00004    -0.310487 -0.001258721     20998.51
        7730     1.000214   -0.3113696 -0.000883016     21002.45
        7732     1.000216   -0.3111855 -0.0008456401      21006.1
        7734     1.000648   -0.3132653 -0.001508153     21009.57
        7736     1.000498   -0.3172522 -0.001782487     21012.64
        7738     1.000651   -0.3234348 -0.002095497     21015.87
        7740     1.000874   -0.3254454 -0.002279271      21019.2
        7742     1.001179   -0.3300293 -0.001568804     21023.61
        7744     1.001446   -0.3354863  -0.00136273     21027.22
        7746     1.001447   -0.3359852 -0.0009505021     21031.89
        7748     1.001492   -0.3363472 -0.0004449529     21035.32
        7750     1.001681   -0.3376333 -0.0008247694     21038.79
        7752     1.002008   -0.3390459 -0.001134061     21042.58
        7754     1.002273   -0.3425834 -0.001457278     21046.13
        7756     1.002033   -0.3454197  -0.00168591     21049.32
        7758     1.002044   -0.3492915 -0.001693763     21052.11
        7760     1.002352   -0.3525332 -0.001689224     21055.74
        7762     1.002348   -0.3561335 -0.001709665     21058.44
        7764     1.002328   -0.3589335  -0.00197314     21061.17
        7766     1.002339   -0.3629689 -0.002314295     21063.66
        7768      1.00239   -0.3683183 -0.002517009     21065.42
        7770      1.00241   -0.3746479 -0.002402352     21067.37
        7772     1.002608   -0.3790695 -0.001949042     21068.78
        7774     1.002662   -0.3821877 -0.001578802     21069.92
        7776     1.002521   -0.3839107 -0.001591007     21069.26
        7778     1.002581   -0.3872783 -0.001447311     21066.08
        7780     1.002636   -0.3917976 -0.0003045081     21056.89
        7782     1.002968   -0.3937662 0.0008897786     21027.68
        7784     1.005684   -0.3863467 -0.0002462355      20789.8
        7786     1.008765     -0.38016 -0.003808412     20210.59
        7788     0.999134   -0.3937675 -0.002136922     20102.65
        7790    0.9959877   -0.4242335 -0.003166825     20249.64
        7792     1.002851   -0.4034421 -0.001499826     21084.45
        7794     1.003285   -0.4054946  0.002127173     21119.89
        7796     1.003247   -0.4057661 -0.0008712147     21128.93
        7798     1.003412   -0.4072161 -0.0009589244     21135.34
        7800     1.003448   -0.4104118 -0.001218075     21139.79
        7802     1.003687    -0.413166 -0.001224212     21142.85
        7804     1.003776   -0.4155107 -0.001263583     21146.73
        7806     1.003564   -0.4170098 -0.001471873     21149.85
        7808     1.003582   -0.4205205 -0.001270571     21153.29
        7810     1.003906    -0.424941 -0.001120119     21157.32
        7812     1.004071   -0.4256753  -0.00104868     21159.57
        7814     1.003984   -0.4259707 -0.0009891917     21162.87
        7816     1.004073   -0.4289099 -0.001250151     21165.14
        7818     1.004257   -0.4328546 -0.001585283     21167.25
        7820     1.004288   -0.4356765 -0.001664055      21170.1
        7822      1.00435    -0.438653 -0.001556251     21173.96
        7824     1.004318   -0.4422224 -0.001465277     21177.52
        7826     1.004401   -0.4453046 -0.001389331      21180.6
        7828     1.004312   -0.4473987 -0.001442097     21183.58
        7830     1.004482   -0.4497676  -0.00173038     21186.28
        7832     1.004692   -0.4537591 -0.001710105     21189.02
        7834      1.00468   -0.4591476 -0.001456449     21192.78
        7836     1.004701   -0.4610795 -0.001489399     21196.44
        7838     1.004816   -0.4614192  -0.00144328     21199.42
        7840     1.004995   -0.4656743 -0.001473889     21202.29
        7842     1.005154   -0.4706938 -0.001423795     21205.15
        7844     1.005199   -0.4728706 -0.001257123     21208.42
        7846     1.005188   -0.4728096  -0.00106055     21211.31
        7848     1.005184   -0.4757313 -0.001266903     21214.37
        7850     1.005231   -0.4791782 -0.001578618     21216.72
        7852      1.00554   -0.4830059 -0.001534753     21219.24
        7854     1.005448   -0.4854385 -0.001425801     21221.86
        7856     1.005548   -0.4880093 -0.001202194        21225
        7858     1.005702   -0.4905846 -0.001163762     21227.42
        7860     1.005705   -0.4926234 -0.001115442     21230.14
        7862     1.005883   -0.4947486 -0.001151639     21233.89
        7864     1.005992   -0.4969329 -0.001460857     21236.68
        7866     1.005903   -0.4997978  -0.00148965     21239.58
        7868     1.005921   -0.5043103 -0.001581726     21242.61
        7870     1.006054   -0.5066658 -0.001679457     21244.98
        7872     1.006231   -0.5095867 -0.001322434     21248.06
        7874     1.006268   -0.5132334 -0.001295754     21251.82
        7876     1.006292   -0.5148897 -0.001323539     21256.45
        7878     1.006498   -0.5170319 -0.001102566     21259.66
        7880     1.006516    -0.520175 -0.001439882     21262.35
        7882     1.006608   -0.5220539 -0.001663329     21265.76
        7884     1.006642   -0.5264088  -0.00152374     21269.09
        7886      1.00663   -0.5303385 -0.001622588     21272.49
        7888     1.006728   -0.5323649 -0.001377317     21275.52
        7890     1.006537   -0.5350346 -0.001191273     21278.18
        7892     1.006909   -0.5374273  -0.00129783     21280.98
        7894     1.007045   -0.5398687 -0.001417158     21283.46
        7896     1.006975   -0.5427476 -0.001562171     21286.77
        7898     1.007105   -0.5463719 -0.001797596     21290.36
        7900     1.007092   -0.5499247 -0.001814911     21293.42
        7902     1.007336   -0.5542495 -0.001723253     21296.11
        7904      1.00738   -0.5572669 -0.001596788     21300.35
        7906     1.007257   -0.5601579 -0.001464742     21304.57
        7908     1.007231    -0.562699 -0.001545724     21308.69
        7910     1.007208   -0.5659674 -0.001017875     21312.06
        7912     1.007421   -0.5696326 -0.0006242625      21313.7
        7914     1.007971   -0.5683009 -0.001579589     21260.39
        7916     1.009585   -0.5676931 -0.001739842     20987.98
        7918     1.010027   -0.5786041 -0.001810181     20707.35
        7920     1.006924   -0.5835514 -0.002118747     21017.93
        7922     1.007164   -0.5827824 -0.001036951     21244.64
        7924     1.007599   -0.5846431 -0.0006582896     21290.86
        7926     1.007485   -0.5868997 -0.001094127     21304.08
        7928      1.00764   -0.5888177 -0.001117336      21311.5
        7930     1.007719   -0.5915354 -0.001162184     21317.62
        7932     1.007958   -0.5935818 -0.001334596     21321.93
        7934     1.008047   -0.5961972 -0.001410221     21326.09
        7936     1.007913   -0.5994945 -0.001366663     21330.43
        7938     1.007843   -0.6028172 -0.001343255     21333.78
        7940     1.007949   -0.6045151 -0.001358497     21336.96
        7942     1.008016   -0.6069432 -0.001055597     21339.48
        7944     1.007996   -0.6103625 -0.001022158     21342.35
        7946     1.007835    -0.611262  -0.00115103     21345.44
        7948     1.007898   -0.6126923 -0.001007613     21348.13
        7950     1.007961   -0.6161515 -0.001262172     21351.16
        7952     1.007962   -0.6184234 -0.001362311     21353.91
        7954     1.008128   -0.6213593 -0.001067318     21356.12
        7956     1.008025   -0.6235908 -0.001085145     21358.73
        7958     1.008107     -0.62469 -0.001145467      21361.6
        7960      1.00809   -0.6271045 -0.001087652     21364.13
        7962     1.007946   -0.6305231 -0.001141273     21366.35
        7964     1.008169    -0.632292 -0.001154662     21368.57
        7966     1.008178   -0.6338202 -0.001248359     21371.22
        7968     1.008163   -0.6363418 -0.001473441     21373.61
        7970      1.00812   -0.6405099 -0.001529521      21376.9
        7972     1.008031   -0.6440796 -0.001479831     21379.78
        7974      1.00814   -0.6460564 -0.001256067     21383.14
        7976     1.008198   -0.6481805 -0.001113974     21385.29
        7978      1.00815   -0.6505585 -0.001334592     21387.84
        7980     1.008116   -0.6529914 -0.001462728     21390.53
        7982     1.008033   -0.6567331 -0.001586126     21393.08
        7984     1.008001   -0.6598823 -0.001601391     21396.33
        7986     1.008068   -0.6632475 -0.001415053     21398.57
        7988     1.008008   -0.6658025 -0.001314237      21401.4
        7990     1.007971   -0.6680535 -0.001191249     21403.59
        7992     1.007912   -0.6703962 -0.001178012     21405.68
        7994     1.008063   -0.6727775 -0.001165999      21407.8
        7996      1.00806   -0.6752266 -0.001209693      21409.5
        7998      1.00791   -0.6773815 -0.001415441     21410.86
        8000     1.007723   -0.6800737 -0.001515072     21413.26
        8002     1.007721    -0.684101 -0.001408187     21415.12
        8004     1.007865   -0.6873472 -0.001370412     21417.56
        8006     1.007705    -0.688647 -0.001245439     21420.28
        8008     1.007621    -0.691037 -0.001256343     21422.61
        8010     1.007561   -0.6940645 -0.001390871      21424.9
        8012      1.00754   -0.6973979 -0.001473629     21426.97
        8014     1.007385    -0.699774  -0.00151583     21429.92
        8016     1.007428    -0.702826 -0.001563525     21432.52
        8018     1.007307   -0.7061912 -0.001578088     21434.74
        8020     1.007197   -0.7099061 -0.001421781     21436.63
        8022      1.00725   -0.7123987  -0.00138484     21438.59
        8024     1.007169   -0.7142003 -0.001243203     21440.49
        8026     1.007274   -0.7172699 -0.001144826     21442.44
        8028     1.007186   -0.7198517 -0.001130921     21444.77
        8030     1.006926   -0.7215573 -0.001143193     21446.84
        8032     1.006863   -0.7232477 -0.001076715     21448.46
        8034     1.006798   -0.7264154 -0.001153644     21450.13
        8036     1.006829   -0.7284654 -0.001292957     21452.42
        8038     1.006775   -0.7307864 -0.001203604     21454.36
        8040     1.006622   -0.7335913 -0.001246347     21456.48
        8042     1.006533   -0.7360443 -0.001218612     21458.05
        8044      1.00644   -0.7384362 -0.001197491     21460.44
        8046     1.006355   -0.7405353 -0.001256384      21462.2
        8048      1.00642   -0.7431712 -0.001375534     21464.77
        8050     1.006269   -0.7460953 -0.001408141     21467.26
        8052     1.006042   -0.7494405 -0.001502098     21469.73
        8054     1.005963   -0.7518005 -0.001604021     21472.03
        8056      1.00588    -0.755188 -0.001507794     21475.25
        8058     1.005962   -0.7589275 -0.001474047     21477.59
        8060     1.005709   -0.7615028 -0.001343143     21479.29
        8062     1.005583   -0.7635928 -0.001191742     21481.43
        8064     1.005501   -0.7659332 -0.001217119     21483.06
        8066     1.005394   -0.7684614 -0.001351628     21484.41
        8068     1.005408   -0.7712398 -0.001352024     21485.83
        8070     1.005361   -0.7744059 -0.001287609     21487.51
        8072     1.005171   -0.7767494 -0.001376046     21488.58
        8074     1.004937   -0.7787623 -0.001322747     21490.77
        8076     1.004847   -0.7822482 -0.001285706     21492.15
        8078      1.00494   -0.7849878 -0.001344904     21493.95
        8080     1.004848    -0.787035 -0.001229539     21495.18
        8082     1.004723   -0.7895215 -0.001321963     21497.56
        8084     1.004529   -0.7920845 -0.001373478     21498.98
        8086     1.004413   -0.7955636 -0.001346026     21500.02
        8088     1.004145   -0.7980228 -0.001414153      21501.7
        8090     1.004106   -0.8002897 -0.001283703      21504.4
        8092     1.003759   -0.8033977 -0.001264703     21505.97
        8094     1.003488   -0.8058332 -0.001220874     21508.05
        8096     1.003355   -0.8081405 -0.001117006     21510.18
        8098     1.003256   -0.8100567  -0.00111948      21512.4
        8100     1.003196   -0.8123338 -0.001096188     21513.07
        8102     1.003072    -0.814789 -0.001169444     21514.35
        8104     1.002765     -0.81691  -0.00122695      21515.6
        8106     1.002604   -0.8194123  -0.00129023     21517.79
        8108     1.002391   -0.8221493 -0.001286707     21519.13
        8110     1.002337   -0.8251109 -0.001167304      21521.1
        8112     1.002207   -0.8272036 -0.001067524      21522.5
        8114      1.00183   -0.8287507 -0.001028927     21523.69
        8116     1.001578   -0.8306895 -0.001116638     21525.42
        8118     1.001404   -0.8333423 -0.001333707     21527.16
        8120     1.001255   -0.8361367 -0.001407845     21528.63
        8122     1.001197   -0.8394204 -0.001370639     21528.85
        8124      1.00087   -0.8419523 -0.001371029      21530.1
        8126     1.000556   -0.8443074 -0.001310893     21531.66
        8128     1.000383   -0.8471049 -0.001172989     21532.68
        8130     1.000188   -0.8499075 -0.001164937     21533.24
        8132     1.000012   -0.8513362 -0.001183406     21533.43
        8134    0.9998932   -0.8536269 -0.001078395     21534.24
        8136    0.9996322   -0.8565722  -0.00113048      21536.1
        8138    0.9993764   -0.8585347 -0.001163653     21537.81
        8140    0.9991938     -0.86038 -0.001202499     21539.21
        8142    0.9991245   -0.8629361 -0.001203144     21540.63
        8144    0.9988773   -0.8661922 -0.001152154     21541.11
        8146    0.9985836   -0.8681598 -0.001103427     21542.01
        8148    0.9983533   -0.8695973 -0.001032167     21542.46
        8150    0.9980675   -0.8717635 -0.001096159     21544.07
        8152    0.9978196   -0.8744495 -0.001301345     21545.44
        8154    0.9975953   -0.8769291 -0.001313232     21546.15
        8156    0.9972721    -0.880008 -0.001334075     21547.35
        8158    0.9968945   -0.8822694 -0.001356176     21548.78
        8160    0.9965628   -0.8851221 -0.001326588     21549.24
        8162    0.9963222   -0.8877785 -0.001320342     21550.07
        8164    0.9961238   -0.8906207 -0.001299652     21551.49
        8166    0.9958891   -0.8928321 -0.001265901     21552.47
        8168    0.9954214   -0.8955193 -0.001229758     21553.78
        8170    0.9951831   -0.8979057 -0.001269085     21554.88
        8172     0.995042   -0.9004588 -0.001282193     21556.12
        8174     0.994676   -0.9029848 -0.001302644     21557.55
        8176    0.9944959   -0.9057769 -0.001352982     21559.28
        8178    0.9941379   -0.9083269 -0.001352931     21559.51
        8180    0.9938452   -0.9112827 -0.001265937     21559.99
        8182    0.9935992   -0.9138082  -0.00120515     21561.08
        8184    0.9931891   -0.9159044 -0.001116795     21562.49
        8186    0.9929784   -0.9179681 -0.001144988     21564.65
        8188    0.9926549    -0.920217 -0.001171057     21565.82
        8190    0.9923497   -0.9229681  -0.00119384      21566.9
        8192    0.9919974   -0.9252728 -0.001269014     21567.99
        8194    0.9917805   -0.9275188 -0.001295312     21569.31
        8196    0.9915824   -0.9303691  -0.00133859     21570.25
        8198    0.9913258   -0.9333306 -0.001267883     21572.12
        8200    0.9908699   -0.9359816 -0.001176988     21573.05
        8202    0.9904827   -0.9376619 -0.001217997     21574.07
        8204    0.9901616    -0.939785  -0.00118338     21575.05
        8206    0.9898742   -0.9430746 -0.001264293     21576.46
        8208    0.9896194   -0.9454486 -0.001298582     21577.46
        8210    0.9893113   -0.9477762 -0.001179999     21578.47
        8212    0.9889076   -0.9501737 -0.001242237     21578.86
        8214     0.988467   -0.9525146 -0.001179472      21579.8
        8216     0.988165   -0.9553865 -0.001132532     21580.27
        8218    0.9879615    -0.957212 -0.001224994     21581.51
        8220    0.9877178    -0.959234 -0.001135903     21582.45
        8222    0.9872495   -0.9623146   -0.0011629     21583.57
        8224     0.986757   -0.9644737 -0.001209628     21584.74
        8226     0.986394   -0.9665152 -0.001151864        21585
        8228    0.9860967    -0.968911 -0.001245897     21584.84
        8230    0.9857985   -0.9715295 -0.001295696     21586.21
        8232    0.9853958   -0.9744409 -0.001252045     21586.39
        8234    0.9849501   -0.9768808 -0.001193085     21587.35
        8236    0.9845183   -0.9789273 -0.001126465     21588.32
        8238    0.9840386   -0.9810741 -0.001152454     21588.97
        8240    0.9837116   -0.9834526 -0.001242593     21589.89
        8242    0.9834732   -0.9861004 -0.001285429     21590.53
        8244    0.9829778   -0.9888681 -0.001246183     21591.76
        8246    0.9824365   -0.9913576 -0.001188467     21592.85
        8248    0.9820871   -0.9934221 -0.001146176     21593.21
        8250    0.9816331   -0.9956081 -0.001150132     21593.38
