# This file has been produced by extranormal (v 1.0.1 - February 23, 2017)
# O. Roudenko - Synchrotron SOLEIL. Covered by GPL licence.
#Data from HDF File: /nfs/ruche/rock-soleil/com-rock/2021/Projets/20210209_Hilde/References/Fe_foil/Fe_foil_00002.nxs to Fe_foil_00202.nxs
#Time at start=2021-02-11 10:30:33.990
#Time from start (seconds)=505.553609697
#Sample temperature (C)=24.7
# Normalization -------------
# pivot spectrum: Pivot_Fe_10Ni-10Fe_50BN_RT_air_av2000_00001.txt
# E0=7112.0   Eshift=1.08674771204
# E0_pivot = 7112.0
# pre-edge params: from E0_pivot-140.0 to E0_pivot-20.0
# pre-edge range: [6972.0, 7092.0]
# post-edge params: from E0_pivot+100.0 to E0_pivot+1140.0
# post-edge range: [7212.0, 8250.0]
# I jump at E0_pivot = 1.69448030058
# shifted energy	normalized	reference	ref.derivative	I0
        6970 0.0009224867     2.181131 -0.0009248219     18821.87
        6972 0.0009224867     2.181131 -0.0009248219     18821.87
        6974   0.00086344     2.179324 -0.0008911403     18829.79
        6976  0.000793821     2.177656 -0.000866371     18837.16
        6978 0.0007052238     2.175937 -0.0008446165     18845.24
        6980 0.0006305843       2.1742 -0.0008487605     18854.24
        6982 0.0005712253     2.172567 -0.0008518977     18861.97
        6984 0.0005140942     2.170866 -0.0008463322      18868.6
        6986 0.0004445721     2.169121 -0.0008542454     18875.31
        6988 0.0003778756     2.167429 -0.0008606603     18882.12
        6990 0.0003248946     2.165733 -0.0008554532     18889.63
        6992 0.0002772684     2.163981 -0.0008482625     18897.14
        6994 0.0002102947     2.162278 -0.000847374     18904.85
        6996  0.000139933     2.160643 -0.0008456276     18913.64
        6998 8.722663e-05     2.158954 -0.0008554255      18921.9
        7000 3.216038e-05     2.157216 -0.0008684346     18929.52
        7002 -2.216972e-05     2.155434 -0.0008679105     18937.64
        7004 -6.563783e-05     2.153696 -0.0008662119     18946.24
        7006 -0.0001035066     2.152011 -0.0008593574     18954.67
        7008 -0.0001510903     2.150286 -0.0008552315     18962.19
        7010 -0.0001986182     2.148559 -0.000856403     18969.79
        7012 -0.0002347541     2.146854 -0.0008519358     18978.33
        7014 -0.0002753027      2.14516 -0.0008483422     18986.53
        7016 -0.0003199853     2.143471 -0.0008434156     18994.49
        7018 -0.0003621398     2.141773 -0.0008381264     19001.85
        7020 -0.0003908981     2.140106 -0.0008374777     19009.07
        7022 -0.0004143603     2.138455 -0.0008367754     19016.77
        7024 -0.0004513134     2.136771 -0.0008386655     19024.96
        7026 -0.0004871078     2.135078 -0.0008484087     19033.63
        7028 -0.0005019938     2.133397 -0.0008542919     19042.28
        7030 -0.0005084326     2.131668 -0.0008491354     19050.14
        7032 -0.0005332985     2.129936 -0.0008435066      19057.6
        7034 -0.0005563831     2.128285 -0.0008331181     19064.38
        7036 -0.0005667434     2.126649 -0.0008230395      19071.5
        7038 -0.0005826246     2.125003 -0.0008217357     19079.57
        7040 -0.0006046164     2.123352 -0.0008265762     19087.72
        7042 -0.0006108168     2.121712 -0.0008300346     19096.47
        7044 -0.000603321     2.120036 -0.0008256405      19105.6
        7046 -0.0005869458     2.118362 -0.0008266241     19113.92
        7048 -0.0005810114     2.116747 -0.0008197007     19121.51
        7050 -0.0005740447     2.115099 -0.0008107329      19129.1
        7052 -0.0005546847     2.113479 -0.0008179915     19136.91
        7054 -0.0005293873     2.111877 -0.0008225119      19144.9
        7056 -0.0005151865     2.110203 -0.000825304      19153.3
        7058 -0.0004897176     2.108518 -0.0008323605     19161.25
        7060 -0.0004494816     2.106876 -0.0008317878     19168.62
        7062 -0.0004033283     2.105218 -0.0008243607     19175.86
        7064 -0.0003641027     2.103549 -0.0008266462     19183.13
        7066 -0.0003106024     2.101924 -0.0008309285      19190.4
        7068 -0.0002268313     2.100263 -0.0008252139     19197.66
        7070 -0.0001425638      2.09857 -0.0008196283     19205.27
        7072 -6.025214e-05     2.096947 -0.0008069659     19212.92
        7074 4.273996e-05     2.095367 -0.000790295     19221.13
        7076 0.0001743913     2.093807 -0.0007916065     19229.37
        7078 0.0003172856     2.092248 -0.0008030448      19237.2
        7080  0.000476033     2.090614 -0.0008134763     19245.38
        7082 0.0006653603     2.088942 -0.0008231481     19253.24
        7084 0.0008786586       2.0873 -0.0008237598     19261.13
        7086  0.001134203     2.085663 -0.0008210793      19268.3
        7088  0.001426912     2.084024 -0.0008199833     19275.29
        7090  0.001768252     2.082374 -0.0008143429      19282.9
        7092  0.002184694      2.08074 -0.0008096133     19290.93
        7094  0.002698823     2.079148 -0.0008063365     19298.92
        7096  0.003331407     2.077547 -0.0008078097     19306.24
        7098  0.004122845     2.075923   -0.0008114     19313.73
        7100  0.005154022     2.074277 -0.0008153887     19321.76
      7100.2  0.005272547     2.074116 -0.0008160905     19322.54
      7100.4  0.005391073     2.073954 -0.0008167923     19323.33
      7100.6  0.005509598     2.073792 -0.0008174942     19324.12
      7100.8  0.005628124      2.07363 -0.000818196     19324.91
        7101  0.005746649     2.073468 -0.0008188979      19325.7
      7101.2  0.005874192     2.073307 -0.0008195799     19326.38
      7101.4  0.006013959     2.073148 -0.0008289681     19327.05
      7101.6  0.006157761     2.072969 -0.000854164      19327.8
      7101.8  0.006310549     2.072797 -0.0008576562     19328.58
        7102  0.006469788     2.072623 -0.0008264774     19329.25
      7102.2  0.006629317     2.072462 -0.0008198858     19329.75
      7102.4   0.00679744     2.072308 -0.000813681     19330.37
      7102.6  0.006973787     2.072141 -0.000770238     19331.08
      7102.8  0.007157403     2.071972 -0.0007055849     19331.81
        7103  0.007346309     2.071846 -0.0006604641     19332.58
      7103.2  0.007538716     2.071744 -0.0006383242     19333.36
      7103.4  0.007742149     2.071612 -0.0006498036     19334.24
      7103.6  0.007956029     2.071462 -0.000695885      19335.1
      7103.8  0.008178647     2.071326 -0.0007553618     19336.02
        7104  0.008410006     2.071187 -0.0007953502     19336.98
      7104.2  0.008653247     2.071008 -0.0008714395      19337.9
      7104.4  0.008909885     2.070825 -0.0009468429     19338.85
      7104.6  0.009175355     2.070629 -0.0009632462     19339.72
      7104.8  0.009447076      2.07043 -0.0009707138     19340.47
        7105  0.009733423     2.070237 -0.0009618668     19341.24
      7105.2   0.01003365     2.070049 -0.0009566841     19341.99
      7105.4   0.01035421     2.069859 -0.0009579005     19342.72
      7105.6   0.01070008     2.069664 -0.0009208996     19343.54
      7105.8   0.01105543     2.069471 -0.0008479437     19344.22
        7106   0.01142743     2.069312 -0.0007627344     19344.92
      7106.2    0.0118268     2.069181 -0.0006735664     19345.67
      7106.4   0.01225254     2.069054   -0.0006347     19346.33
      7106.6    0.0127039     2.068932 -0.0006104115     19347.08
      7106.8    0.0131852     2.068804 -0.0005677715     19347.93
        7107   0.01370348     2.068693 -0.0005542683      19348.7
      7107.2   0.01426747       2.0686 -0.0005771557     19349.51
      7107.4   0.01487492     2.068489 -0.0006419775     19350.28
      7107.6   0.01552311     2.068343 -0.0007140013     19350.88
      7107.8   0.01623167     2.068179 -0.0007806454     19351.52
        7108   0.01700909     2.068029 -0.0008587352     19352.24
      7108.2   0.01785133     2.067864 -0.0009255887     19352.85
      7108.4   0.01876914     2.067656 -0.001007636     19353.29
      7108.6   0.01977872     2.067439 -0.001092016     19353.72
      7108.8   0.02089473     2.067222 -0.001120541     19354.18
        7109   0.02214204     2.066991   -0.0011209     19354.59
      7109.2   0.02356085     2.066759 -0.001070786     19354.86
      7109.4   0.02518233     2.066542 -0.0009639312     19354.98
      7109.6   0.02704561     2.066366 -0.000838056     19355.03
      7109.8   0.02925892      2.06622 -0.0006852628     19355.18
        7110   0.03195505     2.066089 -0.0005432345     19355.29
      7110.2   0.03521905     2.065994 -0.0004143009     19355.04
      7110.4   0.03920562     2.065931 -0.0003005662     19354.53
      7110.6   0.04429272     2.065888 -0.0002516127     19353.89
      7110.8   0.05092482     2.065848 -0.0002599699      19353.1
        7111   0.05935447     2.065792 -0.0002986855     19352.19
      7111.2   0.06982277     2.065723 -0.0003887853     19351.06
      7111.4   0.08278945     2.065649 -0.0004333019     19349.83
      7111.6   0.09837115     2.065537 -0.0003725071     19348.43
      7111.8    0.1159717     2.065446 -0.0003043691     19346.91
        7112    0.1347836     2.065425 -0.0002024011     19345.46
      7112.2    0.1540179     2.065406 -0.0001125685     19344.09
      7112.4    0.1728047     2.065375 -5.610806e-05     19342.61
      7112.6    0.1904416     2.065356 3.873421e-05     19341.15
      7112.8    0.2066039      2.06538 0.0001273523     19339.75
        7113    0.2211475     2.065437 0.0001748125     19338.49
      7113.2    0.2341259     2.065477   0.00010214     19337.45
      7113.4    0.2458761     2.065495 -6.484047e-05     19336.55
      7113.6    0.2567989     2.065462 -0.0002374971     19335.87
      7113.8    0.2669873     2.065385 -0.0003361724     19335.58
        7114    0.2764229     2.065287 -0.0003390459     19335.29
      7114.2    0.2853503     2.065227 -0.0003295366     19335.05
      7114.4    0.2939767     2.065191 -0.0003287197        19335
      7114.6    0.3021662     2.065121 -0.0003667082     19335.18
      7114.8    0.3096923     2.065024 -0.0004328998     19335.55
        7115    0.3165885     2.064933 -0.0004530765     19336.02
      7115.2     0.322898     2.064845 -0.0004493081     19336.48
      7115.4    0.3284758     2.064759 -0.0004536668     19336.88
      7115.6    0.3332126     2.064665 -0.0004993345     19337.36
      7115.8    0.3371774      2.06457 -0.0006009372      19337.9
        7116    0.3405056     2.064445 -0.0006888588     19338.34
      7116.2      0.34331     2.064278 -0.0007696391     19338.77
      7116.4    0.3457356     2.064114 -0.0007799133     19339.17
      7116.6     0.347996     2.063955 -0.0007040607     19339.39
      7116.8    0.3503325     2.063821 -0.0006184535     19339.65
        7117    0.3529786     2.063715 -0.0005169735     19340.01
      7117.2    0.3561796     2.063619 -0.0005005648     19340.18
      7117.4     0.360191     2.063541 -0.0005655841     19340.17
      7117.6     0.365183     2.063421 -0.0005541027     19340.17
      7117.8    0.3712942     2.063262 -0.0005155368     19340.23
        7118    0.3787561     2.063176 -0.0005104393     19340.32
      7118.2    0.3876572     2.063129 -0.0004125124     19340.23
      7118.4     0.397748     2.063012 -0.0002723744     19339.89
      7118.6    0.4088515     2.062932 -0.0001906758     19339.56
      7118.8    0.4211087     2.062958 4.269693e-06     19339.45
        7119    0.4344337     2.062976 0.0002052538     19339.41
      7119.2    0.4483292     2.063016 0.0003003389     19339.42
      7119.4    0.4625708     2.063096 0.0003831604     19339.41
      7119.6    0.4773751     2.063198 0.0003814793     19339.24
      7119.8    0.4927139     2.063282 0.0004179327     19338.99
        7120     0.508245     2.063321 0.0004813526     19338.58
      7120.2    0.5238598     2.063431 0.0004783184     19338.25
      7120.4    0.5396116     2.063583 0.0005810975     19338.03
      7120.6    0.5554307     2.063665 0.0005935253     19337.65
      7120.8    0.5712676     2.063786 0.0005055287     19337.46
        7121    0.5871097     2.063906 0.0005496476     19337.24
      7121.2    0.6027842     2.063988 0.0006443207     19336.94
      7121.4    0.6180585     2.064105 0.0008044956     19336.84
      7121.6    0.6329521     2.064301 0.0009084878     19336.77
      7121.8    0.6474991     2.064549 0.0008598061     19336.62
        7122    0.6613729     2.064714  0.000655191     19336.53
      7122.2     0.674317     2.064793 0.0003475712     19336.35
      7122.4    0.6865405     2.064825 0.0001973422        19336
      7122.6     0.698259     2.064827 0.0002155378     19335.43
      7122.8    0.7093242     2.064872 0.0002681472      19334.7
        7123    0.7196203     2.064965 0.0002848508     19334.19
      7123.2    0.7294016      2.06504 0.0001264406     19333.89
      7123.4    0.7388776     2.065055 3.994616e-06      19333.6
      7123.6    0.7479308     2.064973 -5.451426e-05     19333.29
      7123.8     0.756432     2.064968 -5.070692e-05     19332.92
        7124    0.7644912     2.064996 0.0001456738     19332.49
      7124.2    0.7722489     2.065015  0.000232462     19332.03
      7124.4    0.7796678      2.06509 0.0002577986     19331.56
      7124.6    0.7867042     2.065154 0.0002574098     19331.27
      7124.8    0.7934068     2.065203  6.00372e-05     19330.92
        7125    0.7998392     2.065221 -0.0001246432     19330.44
      7125.2    0.8060369     2.065138 -0.0001926431     19329.94
      7125.4    0.8120685     2.065055 -0.000216595     19329.42
      7125.6    0.8179936     2.065048 -0.0001271834     19328.84
      7125.8    0.8238019     2.065047 -3.913655e-05     19328.08
        7126    0.8295322     2.065036 -2.594684e-05     19327.21
      7126.2    0.8353179     2.065023 5.324212e-05     19326.31
      7126.4    0.8412047     2.065028 0.0001346331     19325.43
      7126.6    0.8471115      2.06509 0.0001155882     19324.45
      7126.8    0.8530798     2.065144 9.358338e-06     19323.46
        7127    0.8593161     2.065116 -8.342118e-05     19322.68
      7127.2    0.8658947     2.065035 5.935115e-06     19321.95
      7127.4    0.8726942     2.065023 0.0001939063     19321.33
      7127.6    0.8797272     2.065149 0.0003981295     19320.82
      7127.8    0.8871901     2.065271 0.0005421404     19320.37
        7128    0.8951198     2.065354 0.0004778803     19319.93
      7128.2    0.9033797     2.065457 0.0004860144     19319.39
      7128.4    0.9119042     2.065531 0.0006083739     19318.92
      7128.6     0.920693      2.06566 0.0006521539     19318.67
      7128.8    0.9297234      2.06584 0.0007483031     19318.45
        7129    0.9389313     2.065979 0.0006509137        19318
      7129.2    0.9482863      2.06613 0.0005511355     19317.46
      7129.4    0.9576606      2.06618 0.0005820954     19316.87
      7129.6    0.9668794     2.066281 0.0005170953     19316.24
      7129.8    0.9759508     2.066444 0.0005625897     19315.72
        7130    0.9848397     2.066543 0.0006159009     19314.92
      7130.2    0.9932609      2.06663 0.0004755446     19314.02
      7130.4     1.000944     2.066774 0.0003646866      19313.3
      7130.6     1.007865     2.066825 0.0003657342     19312.25
      7130.8     1.013979     2.066835 0.0001494915     19311.06
        7131     1.019017     2.066923 -4.660694e-05     19309.85
      7131.2      1.02279     2.066894 -0.0002131914     19308.55
      7131.4     1.025261     2.066787 -0.0006682442     19307.39
      7131.6      1.02634     2.066664 -0.0009837372      19306.3
      7131.8     1.025944     2.066388 -0.001188338     19305.27
        7132     1.024121     2.066107  -0.00143762     19304.34
      7132.2     1.020961     2.065837 -0.001591796     19303.64
      7132.4     1.016564     2.065514  -0.00181296     19303.16
      7132.6      1.01115     2.065115 -0.002064909     19302.93
      7132.8     1.004983     2.064656 -0.002227176     19302.92
        7133    0.9982664     2.064185 -0.002267543     19303.01
      7133.2    0.9911675     2.063733 -0.002237215      19303.3
      7133.4    0.9838378     2.063301 -0.002127231     19303.77
      7133.6    0.9763696     2.062866 -0.001964585     19304.37
      7133.8    0.9688751     2.062483 -0.001810204     19305.14
        7134    0.9615342     2.062161 -0.001771267     19306.16
      7134.2    0.9544225     2.061853 -0.001874662     19307.26
      7134.4    0.9474852     2.061449 -0.001999564     19308.35
      7134.6    0.9407836     2.060983 -0.002104442     19309.53
      7134.8      0.93452     2.060561 -0.002020605     19310.64
        7135    0.9287527     2.060169 -0.001806864     19311.61
      7135.2    0.9233641     2.059833 -0.001669778      19312.6
      7135.4    0.9183566     2.059538 -0.001606515     19313.77
      7135.6    0.9138781     2.059225 -0.001502768     19314.92
      7135.8    0.9099529     2.058884 -0.001352151     19315.86
        7136    0.9064928     2.058631 -0.001193759     19316.71
      7136.2    0.9035012     2.058456 -0.0009597607     19317.36
      7136.4    0.9010364      2.05827  -0.00090912     19317.48
      7136.6    0.8991021     2.058116 -0.0009284799     19316.47
      7136.8     0.897664     2.057903 -0.000961579     19313.22
        7137     0.896701     2.057713  -0.00101183     19305.93
      7137.2    0.8962035     2.057501 -0.0009140756     19292.07
      7137.4    0.8961425     2.057307 -0.0008622074     19268.96
      7137.6    0.8964815     2.057172 -0.0008332613     19235.34
      7137.8    0.8971691     2.057024 -0.0007168796     19193.51
        7138    0.8981693     2.056835 -0.0006519369     19148.92
      7138.2    0.8994737     2.056733 -0.0005864085     19109.11
      7138.4    0.9010394     2.056651 -0.0004912276     19082.26
      7138.6     0.902846     2.056554 -0.0005189543     19072.84
      7138.8     0.904922     2.056442 -0.0005307233     19079.56
        7139    0.9072879     2.056318 -0.0005284766     19098.57
      7139.2    0.9098592     2.056226 -0.0005106426     19125.52
      7139.4    0.9125364     2.056132 -0.0004443346     19156.39
      7139.6    0.9153089     2.056033 -0.000403406     19188.85
      7139.8    0.9181643     2.055963 -0.0003446548     19221.07
        7140    0.9210304     2.055903 -0.0003308495     19250.65
      7140.2    0.9238138     2.055856 -0.0003923737     19275.08
      7140.4    0.9264593     2.055768 -0.0003864329     19292.69
      7140.6    0.9289542     2.055649 -0.0003650456     19304.17
      7140.8    0.9312501     2.055594 -0.0003582695     19311.15
        7141    0.9332927     2.055564 -0.0003559585     19314.88
      7141.2     0.935063     2.055482 -0.000482311      19315.8
      7141.4     0.936565     2.055364 -0.0006154157     19313.11
      7141.6    0.9378099     2.055208 -0.0006431863     19305.03
      7141.8    0.9388089     2.055072 -0.0007032501     19288.89
        7142    0.9395566     2.054967 -0.0007405611      19262.1
      7142.2    0.9400325     2.054801 -0.0007426005     19224.34
      7142.4    0.9402308     2.054616 -0.0007991277     19178.78
      7142.6    0.9401444     2.054477 -0.0008563853     19131.52
      7142.8    0.9397796     2.054328 -0.0008441073     19091.19
        7143    0.9391883     2.054116 -0.000813421     19066.48
      7143.2    0.9384496     2.053941 -0.0008547331     19062.04
      7143.4    0.9376196     2.053827 -0.0008037232     19077.91
      7143.6    0.9367456     2.053644 -0.0007787008     19110.96
      7143.8     0.935896     2.053473 -0.0009420835     19154.15
        7144    0.9351288     2.053318 -0.0009754453     19199.22
      7144.2     0.934449     2.053073 -0.0009792661     19240.66
      7144.4    0.9338944     2.052864 -0.001066908     19274.78
      7144.6    0.9334864      2.05269 -0.000976879     19298.46
      7144.8    0.9332305     2.052464 -0.0009035586     19312.84
        7145    0.9331577     2.052292 -0.0009189479     19321.88
      7145.2    0.9333032     2.052141 -0.0008085135     19328.25
      7145.4     0.933699     2.051955 -0.0007313646     19333.13
      7145.6    0.9343472     2.051817 -0.0007090786     19337.14
      7145.8    0.9352618     2.051706 -0.0006956484     19340.49
        7146    0.9364448     2.051574 -0.0006915216     19343.32
      7146.2     0.937913     2.051398 -0.000661716     19345.91
      7146.4    0.9396939     2.051264 -0.0006081066      19348.4
      7146.6    0.9417522     2.051177 -0.0004652306     19350.66
      7146.8    0.9440365     2.051087 -0.0003417983     19352.73
        7147    0.9465501     2.051026 -0.0002030948     19354.69
      7147.2    0.9493191     2.050991 -5.84561e-05     19356.68
      7147.4    0.9522971     2.051015 4.174573e-05     19358.61
      7147.6    0.9553987      2.05104 4.571515e-05     19360.32
      7147.8    0.9586193     2.051059 -6.791663e-05     19361.97
        7148    0.9620075     2.051027 -0.0002146904      19363.6
      7148.2    0.9655118      2.05096 -0.000360663     19365.24
      7148.4    0.9689955     2.050869 -0.0003528699     19366.86
      7148.6    0.9724096     2.050771 -0.0003125701      19368.5
      7148.8    0.9757821     2.050745 -0.0002448297     19370.17
        7149    0.9790733      2.05071 -0.0001826488     19371.85
      7149.2    0.9822057     2.050673 -0.0002538872     19373.52
      7149.4    0.9851529     2.050625 -0.0002996296     19374.96
      7149.6    0.9879061     2.050542 -0.0004056987     19376.23
      7149.8    0.9904551      2.05047 -0.0005502185     19377.47
        7150    0.9928199     2.050348 -0.000605591     19378.65
      7150.2    0.9950206     2.050185 -0.0006462459     19379.83
      7150.4    0.9970409     2.050057 -0.000656342     19381.06
      7150.6    0.9988893     2.049953 -0.0006211386     19382.22
      7150.8     1.000591     2.049823 -0.0005688775     19383.22
        7151     1.002185     2.049688 -0.0006151155     19384.29
      7151.2     1.003673     2.049602 -0.0006138829     19385.35
      7151.4     1.005047     2.049461 -0.0005656103     19386.35
      7151.6     1.006339     2.049332 -0.0005666057     19387.43
      7151.8     1.007595     2.049235 -0.0004559685     19388.44
        7152     1.008801     2.049149 -0.0005368236     19389.31
      7152.2     1.009954     2.049097 -0.0007139185     19390.26
      7152.4     1.011063     2.048903 -0.0007775571     19391.15
      7152.6     1.012132     2.048664 -0.0008269439      19392.1
      7152.8     1.013154     2.048527 -0.0008067448     19393.14
        7153     1.014091     2.048435 -0.0007100864     19394.08
      7153.2     1.014933     2.048257 -0.0007266408        19395
      7153.4     1.015678     2.048096 -0.000848105     19395.96
      7153.6     1.016316     2.047946 -0.0007860629     19396.85
      7153.8     1.016832     2.047757 -0.0007380047     19397.57
        7154     1.017209     2.047628 -0.0008020126     19398.21
      7154.2     1.017464     2.047506 -0.0008011084     19399.06
      7154.4     1.017594     2.047304 -0.0007950448        19400
      7154.6     1.017589     2.047116 -0.0008341991     19400.88
      7154.8      1.01746     2.046992 -0.0008181947     19401.78
        7155     1.017223     2.046838 -0.0008433674     19402.73
      7155.2     1.016888     2.046649 -0.0009177682     19403.64
      7155.4     1.016454     2.046441 -0.000825447     19404.52
      7155.6     1.015939     2.046258 -0.0008227588     19405.62
      7155.8     1.015375     2.046178 -0.0009280954     19406.74
        7156     1.014766     2.045991 -0.0009110866     19407.58
      7156.2     1.014111     2.045699 -0.001000879     19408.32
      7156.4     1.013422     2.045529 -0.0008974028     19409.06
      7156.6     1.012736     2.045377 -0.0007805751     19409.91
      7156.8     1.012076     2.045273 -0.0009033102     19410.85
        7157     1.011444     2.045074 -0.000940207     19411.71
      7157.2     1.010839     2.044807 -0.001024262     19412.49
      7157.4     1.010282     2.044625 -0.0009160445     19413.26
      7157.6      1.00979     2.044454 -0.0007339062     19414.07
      7157.8      1.00937     2.044341 -0.0007190496     19415.01
        7158      1.00901     2.044219 -0.0006635087     19415.79
      7158.2     1.008716      2.04405 -0.0007166378     19416.51
      7158.4     1.008489     2.043923 -0.0008459393     19417.14
      7158.6      1.00832     2.043768 -0.0008242673     19417.64
      7158.8     1.008206     2.043543 -0.0008323867     19418.09
        7159     1.008133      2.04339 -0.0008732699     19418.57
      7159.2     1.008108     2.043257 -0.0007862655     19419.34
      7159.4     1.008121     2.043069 -0.0007122778     19420.15
      7159.6     1.008158     2.042914 -0.0007098524     19420.81
      7159.8     1.008197     2.042821 -0.0006664643     19421.45
        7160     1.008238     2.042689 -0.0006085432     19422.13
      7160.2      1.00828     2.042536 -0.0006221221     19422.92
      7160.4     1.008307     2.042427 -0.0006287763     19423.65
      7160.6     1.008317     2.042323 -0.0006722454     19424.33
      7160.8     1.008306     2.042186 -0.0007738886     19425.06
        7161     1.008257     2.041998 -0.0008088799     19425.72
      7161.2     1.008154     2.041808 -0.000755664     19426.34
      7161.4        1.008     2.041676 -0.0006834162     19426.94
      7161.6     1.007801     2.041582 -0.0007196487     19427.52
      7161.8     1.007552     2.041452 -0.0008151842     19428.02
        7162     1.007258     2.041232 -0.0009252189      19428.5
      7162.2     1.006917     2.041024 -0.001058232     19429.07
      7162.4     1.006519     2.040842 -0.001007908     19429.56
      7162.6     1.006069     2.040605 -0.0009729973     19429.91
      7162.8     1.005571     2.040426 -0.0009040082     19430.32
        7163     1.005026     2.040245 -0.0008083371     19430.72
      7163.2     1.004452     2.040118 -0.0008654657     19431.02
      7163.4     1.003871     2.039958 -0.0008819398     19431.35
      7163.6     1.003262     2.039733 -0.0009128865     19431.78
      7163.8     1.002608      2.03954 -0.0009041966     19432.29
        7164     1.001951     2.039388 -0.0008635315     19432.83
      7164.2     1.001311     2.039235 -0.0008420355     19433.34
      7164.4     1.000658     2.039043 -0.0008725679     19433.72
      7164.6    0.9999821     2.038866 -0.0008731971     19434.11
      7164.8    0.9993107      2.03869 -0.0008695265     19434.47
        7165    0.9986676     2.038536 -0.0009523815     19434.74
      7165.2    0.9980583     2.038347 -0.001024488     19435.22
      7165.4    0.9974729     2.038104 -0.001062563     19435.81
      7165.6    0.9969191      2.03787  -0.00100577      19436.3
      7165.8    0.9964029     2.037686 -0.0009280628     19436.73
        7166    0.9959163     2.037542 -0.0008738697     19437.01
      7166.2    0.9954726     2.037362 -0.0008443102     19437.23
      7166.4    0.9950741     2.037171 -0.0008102826     19437.54
      7166.6    0.9947033     2.037011 -0.0007257227     19437.84
      7166.8    0.9943438     2.036894 -0.0006980612        19438
        7167     0.994003     2.036781 -0.0006720724     19438.11
      7167.2    0.9936991     2.036613 -0.0006739624     19438.23
      7167.4    0.9934144     2.036473 -0.0007578588     19438.27
      7167.6    0.9931272     2.036355 -0.0007891168     19438.34
      7167.8    0.9928405     2.036175 -0.0008332253     19438.56
        7168    0.9925627     2.035982 -0.0008901681     19438.77
      7168.2    0.9922837     2.035807 -0.000871922     19439.06
      7168.4    0.9919798     2.035643 -0.0008551266     19439.57
      7168.6    0.9916556     2.035477 -0.0008638491     19440.16
      7168.8    0.9913213     2.035297 -0.0009102383     19440.83
        7169    0.9909559     2.035116 -0.0009741542     19441.47
      7169.2    0.9905494     2.034915 -0.0009843105     19442.03
      7169.4    0.9901191     2.034698 -0.0009883635     19442.64
      7169.6     0.989675      2.03451 -0.0009716919     19443.34
      7169.8    0.9892053     2.034325 -0.0009586983     19443.84
        7170    0.9886952     2.034137 -0.0009731841     19444.25
      7170.2    0.9881415     2.033931 -0.0009531101     19444.79
      7170.4    0.9875397     2.033732 -0.0009423108     19445.32
      7170.6    0.9868901     2.033562 -0.0008970005      19445.8
      7170.8    0.9861898     2.033383 -0.0008908057     19446.33
        7171    0.9854273     2.033213 -0.001035721     19446.98
      7171.2    0.9845863     2.033019 -0.001130394     19447.71
      7171.4    0.9836703     2.032734 -0.001105485     19448.44
      7171.6    0.9827035     2.032479 -0.001026318     19449.21
      7171.8    0.9816819     2.032329 -0.0009189638     19449.98
        7172    0.9805783     2.032198 -0.0009309877     19450.74
      7172.2    0.9793967     2.031999 -0.0009656282     19451.59
      7172.4    0.9781669     2.031734 -0.0009629564     19452.37
      7172.6    0.9768859     2.031556 -0.0009503066     19453.05
      7172.8    0.9755152     2.031427 -0.0008400332     19453.82
        7173    0.9740597     2.031238 -0.000880694     19454.59
      7173.2     0.972564     2.031062 -0.0009482176     19455.33
      7173.4    0.9710341     2.030852 -0.0009190371     19456.05
      7173.6    0.9694596     2.030669 -0.0009524545     19456.73
      7173.8     0.967835     2.030503 -0.0009658477      19457.4
        7174    0.9661812       2.0303 -0.001068622     19457.99
      7174.2    0.9645252     2.030079 -0.001137407     19458.52
      7174.4    0.9628594     2.029814 -0.001174154     19459.13
      7174.6    0.9611657     2.029593 -0.001248601     19459.72
      7174.8    0.9594387     2.029361 -0.001185326     19460.25
        7175    0.9576835      2.02908 -0.001136166     19461.02
      7175.2    0.9559013     2.028866 -0.001094129     19461.77
      7175.4     0.954114     2.028684 -0.0009917618     19462.51
      7175.6    0.9523099     2.028486 -0.001021176     19463.24
      7175.8    0.9504527     2.028287 -0.001114401     19463.91
        7176    0.9485685     2.028049 -0.001178103      19464.6
      7176.2     0.946707     2.027793 -0.001158193     19465.24
      7176.4    0.9448569     2.027543 -0.001095104      19465.9
      7176.6    0.9429778      2.02736 -0.001083544     19466.59
      7176.8    0.9410766     2.027173 -0.001068175     19467.14
        7177    0.9392081     2.026926 -0.001097655      19467.7
      7177.2    0.9373781     2.026689 -0.001080986      19468.3
      7177.4    0.9355541     2.026482 -0.001046498     19468.92
      7177.6    0.9337694     2.026308 -0.001111795     19469.76
      7177.8    0.9320686     2.026089 -0.001092466     19470.82
        7178    0.9304524     2.025799 -0.001039863     19471.88
      7178.2    0.9289147     2.025608  -0.00107893     19472.76
      7178.4    0.9274639     2.025476 -0.0009673783     19473.49
      7178.6    0.9261224     2.025226 -0.0009443949     19474.27
      7178.8    0.9248831     2.025025 -0.001108707     19475.14
        7179    0.9237313     2.024853 -0.001049555     19475.82
      7179.2    0.9226876     2.024589 -0.001007571     19476.45
      7179.4    0.9217487     2.024386 -0.001037282     19477.05
      7179.6      0.92091     2.024219 -0.0009368584     19477.59
      7179.8    0.9201888     2.024023 -0.0008894643     19478.13
        7180    0.9195888      2.02384 -0.0008771774     19478.63
      7180.2    0.9190963     2.023674 -0.0007552594     19479.21
      7180.4     0.918702     2.023517 -0.0007533718     19479.77
      7180.6    0.9184207     2.023419 -0.000808121     19480.41
      7180.8    0.9182443     2.023237 -0.0008343658     19480.94
        7181    0.9181637     2.023028 -0.0009295634     19481.49
      7181.2    0.9181794      2.02285 -0.000920764     19482.28
      7181.4     0.918281     2.022675 -0.0008474402     19482.99
      7181.6    0.9184671       2.0225 -0.0008412169     19483.73
      7181.8    0.9187267      2.02235 -0.0008131832     19484.53
        7182     0.919043     2.022177 -0.0007439563     19485.28
      7182.2    0.9194097     2.022025 -0.0007523312     19486.01
      7182.4    0.9198277     2.021905 -0.0007074597     19486.67
      7182.6    0.9202937     2.021748 -0.0006798564     19487.29
      7182.8    0.9208048     2.021611 -0.0007074863     19487.91
        7183    0.9213582     2.021481 -0.0006971287     19488.57
      7183.2    0.9219437     2.021339 -0.0007583194     19489.34
      7183.4    0.9225688      2.02119 -0.0008151903     19490.15
      7183.6    0.9232413     2.021004 -0.0008138466     19490.92
      7183.8    0.9239569     2.020829 -0.000759054     19491.65
        7184    0.9247332     2.020688 -0.0007288219     19492.45
      7184.2    0.9255773     2.020583 -0.0007086512     19493.24
      7184.4    0.9264869     2.020421 -0.0006784288     19494.01
      7184.6    0.9274552     2.020262 -0.000733385     19494.79
      7184.8    0.9284967     2.020145 -0.0006710697     19495.72
        7185    0.9296372     2.019996 -0.0005777746     19496.58
      7185.2    0.9308607     2.019884 -0.0005904883     19497.35
      7185.4     0.932154     2.019799 -0.0005752406     19498.13
      7185.6     0.933533     2.019673 -0.0006544783     19498.83
      7185.8    0.9350171     2.019536 -0.0007361644     19499.66
        7186     0.936575     2.019361 -0.0006256516     19500.56
      7186.2    0.9381917      2.01921 -0.0005950438     19501.52
      7186.4    0.9398634     2.019172 -0.0005994167     19502.56
      7186.6    0.9415669      2.01906 -0.0005459922     19503.51
      7186.8    0.9433156     2.018881 -0.0005332256     19504.52
        7187    0.9450959     2.018774 -0.000422489     19505.45
      7187.2    0.9468994     2.018746 -0.000330213     19506.21
      7187.4    0.9487261     2.018722 -0.0003549771     19506.88
      7187.6    0.9505618     2.018617 -0.0004941982     19507.49
      7187.8    0.9524374      2.01849 -0.0006403417      19508.2
        7188    0.9543495      2.01835 -0.0005777246     19508.94
      7188.2     0.956237      2.01821 -0.0005338827     19509.46
      7188.4    0.9581015     2.018155 -0.0005627712     19509.89
      7188.6    0.9599887     2.018063 -0.0004996534     19510.53
      7188.8    0.9618995       2.0179 -0.0005128141      19511.3
        7189    0.9638096      2.01781 -0.0005123368     19512.03
      7189.2     0.965718     2.017745 -0.0004225314     19512.84
      7189.4    0.9676604     2.017653 -0.0004321232     19513.62
      7189.6    0.9696538     2.017562 -0.0005487799     19514.51
      7189.8     0.971674     2.017465 -0.000597498     19515.56
        7190     0.973687     2.017306 -0.0005431432      19516.5
      7190.2    0.9757149     2.017175 -0.0005504646      19517.4
      7190.4    0.9777749     2.017128 -0.0003961033     19518.31
      7190.6    0.9798453     2.017024 -0.0002612707     19519.24
      7190.8    0.9819191     2.016989 -0.0003442968     19520.21
        7191    0.9839859     2.016966 -0.0003212568     19520.92
      7191.2    0.9860428     2.016852 -0.0003400959     19521.57
      7191.4    0.9880912     2.016767 -0.0004535909     19522.24
      7191.6    0.9901356     2.016717 -0.0004625928     19522.99
      7191.8    0.9921687     2.016603 -0.0004376863      19523.9
        7192    0.9941675     2.016482 -0.0004195262     19524.86
      7192.2    0.9961268     2.016417 -0.0003687905     19525.75
      7192.4    0.9980506     2.016381 -0.0004258272     19526.52
      7192.6    0.9999267     2.016308 -0.0005861245     19527.25
      7192.8     1.001722     2.016141 -0.0007326848      19528.1
        7193     1.003418     2.015948 -0.0007866446     19529.07
      7193.2     1.005029     2.015795 -0.0007105454     19530.02
      7193.4     1.006552     2.015678 -0.0005415226     19530.92
      7193.6      1.00795     2.015573 -0.0005471148     19531.85
      7193.8       1.0092     2.015515 -0.0006053703     19532.73
        7194     1.010303     2.015357  -0.00054662     19533.55
      7194.2     1.011249     2.015194 -0.0006128829     19534.39
      7194.4     1.012029     2.015136 -0.0005820721     19535.08
      7194.6     1.012654     2.015025 -0.0005055075     19535.84
      7194.8     1.013108     2.014892 -0.0005238081     19536.55
        7195     1.013392      2.01479 -0.000477772     19537.26
      7195.2     1.013523     2.014717 -0.0004625173     19538.16
      7195.4     1.013503     2.014642 -0.0004957148     19538.96
      7195.6     1.013344     2.014522 -0.0005510377     19539.81
      7195.8     1.013049     2.014393 -0.0006984958     19540.81
        7196     1.012621     2.014276 -0.000816015      19541.8
      7196.2     1.012052     2.014084 -0.0008149384      19542.7
      7196.4     1.011357     2.013869 -0.0008280722     19543.64
      7196.6     1.010561     2.013741 -0.0008507074     19544.54
      7196.8     1.009672     2.013613 -0.0008547355     19545.47
        7197     1.008681     2.013403 -0.0009226062      19546.5
      7197.2     1.007584     2.013185 -0.001017188     19547.52
      7197.4     1.006414     2.013003 -0.001052771     19548.49
      7197.6     1.005166       2.0128 -0.001042649     19549.28
      7197.8     1.003808     2.012561 -0.000968233     19550.02
        7198     1.002357     2.012351 -0.0008479971     19550.84
      7198.2     1.000836     2.012229 -0.0008581547     19551.65
      7198.4    0.9992717     2.012121 -0.0009561658     19552.52
      7198.6    0.9976455     2.011874 -0.001094022     19553.37
      7198.8    0.9959462     2.011586 -0.001224607     19554.07
        7199     0.994218     2.011353 -0.001184973     19554.88
      7199.2    0.9924701     2.011142 -0.001107455     19555.59
      7199.4    0.9906983     2.010926 -0.001054543     19556.24
      7199.6    0.9889124       2.0107 -0.001033742     19557.18
      7199.8    0.9871034      2.01051 -0.001051942     19558.19
        7200     0.985252     2.010315 -0.001001951     19559.02
      7200.2     0.983362     2.010085 -0.0009693197     19559.72
      7200.4    0.9814566     2.009898 -0.0009541459     19560.42
      7200.6    0.9795354     2.009734 -0.0009881009      19561.1
      7200.8    0.9775572     2.009551 -0.001050652     19561.74
        7201    0.9755291     2.009294 -0.001094351     19562.38
      7201.2    0.9735052     2.009058 -0.001194061     19563.05
      7201.4    0.9714673     2.008859 -0.001190128     19563.67
      7201.6    0.9693581     2.008596 -0.001189032     19564.24
      7201.8    0.9671857     2.008342 -0.001250983     19564.95
        7202    0.9650023     2.008107 -0.001249179     19565.72
      7202.2    0.9628159     2.007858 -0.001283237     19566.43
      7202.4    0.9605792     2.007597 -0.001261799      19567.2
      7202.6    0.9582831     2.007316 -0.001151057     19568.04
      7202.8    0.9559833     2.007097 -0.001079587     19568.88
        7203    0.9537026     2.006937 -0.001055189     19569.75
      7203.2    0.9514292     2.006733 -0.001096741     19570.66
      7203.4    0.9491788     2.006471 -0.001142162     19571.58
      7203.6    0.9469421      2.00622 -0.001081591     19572.35
      7203.8    0.9447118     2.006023 -0.001013245     19573.11
        7204    0.9424884     2.005868 -0.0009747438     19573.79
      7204.2    0.9403053     2.005661 -0.001035993     19574.36
      7204.4     0.938157      2.00544 -0.001162113     19574.97
      7204.6     0.936002     2.005195 -0.001120972     19575.57
      7204.8    0.9338865     2.004938 -0.001015185     19576.18
        7205    0.9318714     2.004764 -0.0009738566     19576.84
      7205.2    0.9299364     2.004628 -0.0009369071     19577.64
      7205.4    0.9280438     2.004416 -0.0009591985     19578.44
      7205.6    0.9262198     2.004189 -0.001006787     19579.11
      7205.8    0.9245207     2.003997 -0.0009925741     19579.84
        7206    0.9229458     2.003823 -0.001042868     19580.71
      7206.2    0.9214524     2.003621 -0.001136169     19581.57
      7206.4    0.9200537     2.003354 -0.001249933     19582.37
      7206.6    0.9188043     2.003088 -0.001282375     19583.17
      7206.8    0.9177181     2.002823 -0.001178944     19583.96
        7207    0.9167879     2.002596 -0.0009896702     19584.64
      7207.2    0.9160176     2.002411 -0.0007951646      19585.3
      7207.4    0.9154195     2.002296 -0.0006912921     19585.89
      7207.6    0.9150065     2.002186 -0.0006426503     19586.45
      7207.8    0.9147774     2.002043 -0.0007019186     19587.18
        7208    0.9147213     2.001897 -0.0007368657     19587.96
      7208.2    0.9148485     2.001735 -0.0008187804     19588.79
      7208.4     0.915163     2.001597 -0.0008600215     19589.52
      7208.6    0.9156678     2.001388 -0.0007664016     19590.24
      7208.8    0.9163697     2.001209 -0.0007127586        19591
        7209      0.91727     2.001121 -0.0005995475     19591.78
      7209.2    0.9183932     2.001027 -0.0005603182     19592.55
      7209.4    0.9197453     2.000908 -0.0006091142     19593.32
      7209.6    0.9213101     2.000761 -0.0006280228     19594.12
      7209.8    0.9230893     2.000634 -0.0006386394     19594.86
        7210    0.9251211     2.000524 -0.0005677943     19595.51
      7210.2    0.9274146     2.000397 -0.0004939256     19596.06
      7210.4    0.9299201     2.000306 -0.0005045355     19596.44
      7210.6    0.9326446     2.000239 -0.0004908778     19596.82
      7210.8    0.9356504     2.000121 -0.0004639431     19597.31
        7211    0.9389295     2.000004 -0.0004933459     19597.82
      7211.2    0.9424209     1.999935 -0.0004415172     19598.44
      7211.4    0.9460927     1.999844 -0.0003651576      19599.1
      7211.6    0.9499395     1.999767 -0.0004457831     19599.73
      7211.8    0.9539467     1.999712 -0.0004074539     19600.34
        7212    0.9581085     1.999579 -0.0002355106     19600.98
      7212.2    0.9624322     1.999518 -0.0001960992     19601.69
      7212.4    0.9669013     1.999579 -6.766978e-05     19602.35
      7212.6    0.9714757     1.999555 1.670064e-05     19603.12
      7212.8    0.9761787     1.999525 -6.825066e-05      19603.9
        7213    0.9810596     1.999532 3.697881e-06     19604.71
      7213.2    0.9860552     1.999524 0.0001038192     19605.52
      7213.4    0.9910569     1.999558  4.06512e-05      19606.3
      7213.6    0.9960947     1.999608 -5.192701e-05     19606.99
      7213.8     1.001265     1.999564 -0.0001014872     19607.59
        7214      1.00652     1.999483 -9.97245e-05     19608.32
      7214.2     1.011737     1.999477 3.477211e-05     19609.17
      7214.4     1.016932     1.999528  0.000251126     19609.87
      7214.6     1.022219     1.999592 0.0003043149     19610.46
      7214.8     1.027581     1.999684  0.000113753     19611.15
        7215      1.03289     1.999721 -1.694573e-05     19611.86
      7215.2     1.038117     1.999619 -9.32232e-05     19612.59
      7215.4     1.043312     1.999578 -0.0001930691     19613.36
      7215.6     1.048472     1.999609 -8.034914e-05     19614.07
      7215.8     1.053504     1.999566 5.006887e-05      19614.6
        7216      1.05838     1.999555 5.019074e-05     19615.02
      7216.2     1.063121     1.999619 0.0001240764     19615.49
      7216.4     1.067739     1.999649 0.0001888628     19615.96
      7216.6     1.072232     1.999665   0.00018541     19616.53
      7216.8     1.076607     1.999706 0.0001932397     19617.19
        7217     1.080843     1.999767 0.0001375912     19617.55
      7217.2     1.084917     1.999804 1.188362e-05     19617.98
      7217.4     1.088861     1.999775 -0.0001048564     19618.64
      7217.6     1.092718     1.999715 -0.0001851602     19619.25
      7217.8     1.096458     1.999683 -0.0002601044     19619.91
        7218     1.100009     1.999656 -0.0002875722     19620.76
      7218.2     1.103383     1.999567 -0.0002915427     19621.73
      7218.4     1.106643     1.999485 -0.0003872945     19622.49
      7218.6     1.109772      1.99945 -0.000402443     19623.12
      7218.8     1.112698     1.999346 -0.0003088256     19623.97
        7219     1.115407     1.999245 -0.0003756068     19624.61
      7219.2     1.117946     1.999238 -0.0003993635     19624.98
      7219.4     1.120316     1.999149 -0.0003704921     19625.62
      7219.6     1.122459     1.999027  -0.00048022      19626.3
      7219.8     1.124352     1.998949 -0.000435992      19626.8
        7220     1.126007     1.998854 -0.0003699763     19627.49
      7220.2     1.127431       1.9988 -0.0005121552     19628.28
      7220.4     1.128628     1.998731 -0.0006017076     19629.01
      7220.6       1.1296     1.998539 -0.0006532713     19629.72
      7220.8     1.130348     1.998372 -0.0007056719     19630.45
        7221     1.130885     1.998278 -0.0006444756     19631.31
      7221.2     1.131203     1.998166 -0.0006430436     19632.17
      7221.4     1.131294     1.998024 -0.000725896        19633
      7221.6     1.131159     1.997858 -0.0008749209     19633.72
      7221.8     1.130806     1.997697 -0.0009958906     19634.33
        7222     1.130237     1.997466 -0.0009930148     19635.12
      7222.2     1.129439     1.997227 -0.001012198     19636.15
      7222.4     1.128404     1.997064 -0.0009658603     19637.06
      7222.6     1.127176     1.996887 -0.0009042243     19637.78
      7222.8     1.125764     1.996693 -0.0009156305     19638.53
        7223     1.124119     1.996504 -0.0009272565     19639.21
      7223.2     1.122245     1.996331 -0.0009499725     19639.83
      7223.4     1.120195     1.996146 -0.0009247632     19640.53
      7223.6     1.117996     1.995933 -0.0009364833     19641.25
      7223.8     1.115626     1.995764 -0.0009670746     19641.87
        7224     1.113086     1.995582 -0.001001818     19642.64
      7224.2     1.110404     1.995372  -0.00123216      19643.4
      7224.4     1.107625     1.995132 -0.001401239     19644.09
      7224.6     1.104771     1.994778 -0.001371576      19644.8
      7224.8     1.101839     1.994461 -0.001365005     19645.48
        7225     1.098819     1.994275 -0.001281355     19646.18
      7225.2     1.095703      1.99404 -0.001215425     19646.89
      7225.4     1.092501     1.993753 -0.001350613     19647.59
      7225.6     1.089246     1.993489 -0.001461388     19648.31
      7225.8     1.085937     1.993194 -0.001524807     19648.94
        7226     1.082526     1.992871 -0.001621062     19649.46
      7226.2     1.079023     1.992533 -0.001648551     19650.12
      7226.4     1.075503     1.992192 -0.001599445     19650.81
      7226.6     1.071968     1.991875 -0.001477506     19651.39
      7226.8      1.06832     1.991591 -0.001350858     19652.05
        7227     1.064535     1.991351 -0.001254992     19652.66
      7227.2     1.060726     1.991111  -0.00119994     19653.21
      7227.4     1.056936     1.990871 -0.001298387     19653.89
      7227.6     1.053074     1.990631 -0.001454961     19654.62
      7227.8     1.049121     1.990312 -0.001518074     19655.31
        7228      1.04518     1.989947 -0.001599948     19656.12
      7228.2     1.041283     1.989657   -0.0015569     19656.92
      7228.4     1.037411     1.989351 -0.001523732     19657.71
      7228.6     1.033572     1.989067 -0.001548783     19658.42
      7228.8     1.029761     1.988728 -0.001522929     19659.02
        7229     1.025963     1.988418 -0.001510075     19659.58
      7229.2     1.022179     1.988133 -0.001385229     19660.18
      7229.4     1.018436     1.987859 -0.001332074     19660.74
      7229.6     1.014731      1.98762 -0.001386029     19661.27
      7229.8     1.010983     1.987352 -0.001464205     19661.88
        7230     1.007211     1.987024 -0.001491672     19662.53
      7230.2     1.003522     1.986687 -0.001476483     19663.27
      7230.4    0.9998964     1.986427 -0.001414215     19663.88
      7230.6     0.996248     1.986171 -0.001314002      19664.4
      7230.8    0.9925898     1.985893 -0.001264568     19665.15
        7231    0.9889979     1.985636  -0.00117503     19665.81
      7231.2    0.9854864     1.985415 -0.001105086     19666.42
      7231.4    0.9819679     1.985231 -0.001104247     19667.02
      7231.6     0.978417     1.985009  -0.00110834     19667.53
      7231.8    0.9749078     1.984753 -0.001139381     19668.01
        7232    0.9715006     1.984528 -0.001205618     19668.55
      7232.2     0.968154     1.984319 -0.001254743     19669.01
      7232.4    0.9648435     1.984044 -0.001304586     19669.32
      7232.6    0.9616205     1.983749 -0.001391849     19669.87
      7232.8    0.9585077     1.983485 -0.001403105     19670.42
        7233    0.9554959     1.983206 -0.001280275     19670.77
      7233.2    0.9525901     1.982922 -0.001222819      19671.3
      7233.4    0.9497916     1.982725 -0.001181573     19671.96
      7233.6    0.9470688     1.982506 -0.001073015      19672.5
      7233.8    0.9444172     1.982261 -0.001121949     19673.06
        7234    0.9418697     1.982063 -0.001125508     19673.68
      7234.2    0.9394281     1.981827 -0.001068616     19674.26
      7234.4    0.9370561     1.981606 -0.001090583     19674.86
      7234.6    0.9347376     1.981406 -0.001041709     19675.41
      7234.8    0.9325206     1.981191 -0.0009740072     19675.99
        7235     0.930434     1.980994 -0.0009088948     19676.71
      7235.2    0.9284289     1.980827 -0.0008459303     19677.44
      7235.4    0.9264766     1.980679 -0.0007922853     19678.25
      7235.6    0.9246226     1.980514 -0.0007938787     19679.01
      7235.8    0.9229009      1.98036 -0.0008404643      19679.8
        7236    0.9212724     1.980192 -0.0008545765     19680.44
      7236.2    0.9197231     1.980006 -0.0008886082     19681.04
      7236.4    0.9182756     1.979831 -0.0009547724      19681.7
      7236.6    0.9169596     1.979649 -0.000990617     19682.56
      7236.8    0.9157721     1.979428 -0.001037163     19683.27
        7237    0.9146976     1.979214 -0.001115554     19683.77
      7237.2    0.9137355     1.979001 -0.001066426     19684.43
      7237.4    0.9128693     1.978757 -0.0009704296     19685.06
      7237.6    0.9120891     1.978575 -0.0009171758     19685.53
      7237.8    0.9114176     1.978437 -0.0008276915     19686.01
        7238    0.9108622     1.978267 -0.000807151     19686.59
      7238.2    0.9103905     1.978095 -0.0008053589     19687.27
      7238.4    0.9099906     1.977929 -0.0007793006     19688.01
      7238.6    0.9096855     1.977793 -0.0007990938     19688.73
      7238.8    0.9094855     1.977644 -0.0007999168     19689.49
        7239    0.9093731     1.977455 -0.0008415052     19690.29
      7239.2    0.9093344     1.977289 -0.0008694213     19691.01
      7239.4    0.9093718      1.97712 -0.0008090502     19691.62
      7239.6    0.9094954     1.976948 -0.0008168054     19692.32
      7239.8    0.9097107     1.976808 -0.0007973484     19693.01
        7240    0.9099979     1.976636 -0.0007242859     19693.43
      7240.2    0.9103648     1.976482 -0.0006760148     19693.83
      7240.4    0.9108176     1.976369 -0.000604047      19694.4
      7240.6    0.9113399     1.976267 -0.0005795532     19694.96
      7240.8    0.9119401     1.976152 -0.0005837023     19695.59
        7241    0.9126241     1.976018 -0.0006144937     19696.48
      7241.2    0.9133737     1.975902 -0.0006716179     19697.33
      7241.4    0.9141769     1.975776 -0.0006712035     19698.04
      7241.6     0.915037     1.975615 -0.000633775     19698.83
      7241.8    0.9159551     1.975482 -0.0006511014     19699.71
        7242    0.9169269     1.975395 -0.0005788377     19700.61
      7242.2    0.9179453     1.975255 -0.0005225289     19701.43
      7242.4    0.9190047     1.975152 -0.0005721629     19702.05
      7242.6    0.9201095     1.975063 -0.0005333652     19702.64
      7242.8    0.9212661     1.974937 -0.0005065509     19703.28
        7243    0.9224802     1.974828 -0.0005544558     19704.06
      7243.2    0.9237342     1.974747 -0.0006005512     19704.78
      7243.4    0.9250019      1.97462 -0.0006267262     19705.17
      7243.6    0.9263055     1.974456 -0.0006759481     19705.75
      7243.8    0.9276636     1.974327 -0.0007126735     19706.38
        7244    0.9290589     1.974206 -0.0006995186     19707.02
      7244.2    0.9304692      1.97405 -0.0007121983     19707.93
      7244.4    0.9318924     1.973897 -0.0007551438     19708.77
      7244.6    0.9333458     1.973757 -0.0007177714     19709.44
      7244.8    0.9348193     1.973602 -0.0006712291     19710.08
        7245    0.9362863     1.973476 -0.0006809001     19710.77
      7245.2    0.9377334      1.97336 -0.0006551966     19711.48
      7245.4    0.9391514     1.973212 -0.0006986062     19712.06
      7245.6    0.9405494     1.973078 -0.0007219162     19712.59
      7245.8    0.9419289     1.972917 -0.0006299989     19713.22
        7246    0.9432844     1.972782 -0.0005933246     19713.82
      7246.2    0.9446132     1.972708 -0.0005809654     19714.45
      7246.4     0.945902     1.972603 -0.0005921507     19715.07
      7246.6    0.9471521     1.972452 -0.0006340018     19715.72
      7246.8    0.9483875     1.972309 -0.0006629418     19716.45
        7247    0.9495792     1.972201 -0.0007114474     19717.05
      7247.2    0.9507016     1.972073 -0.0007244575     19717.81
      7247.4    0.9517658     1.971883 -0.0007444737     19718.64
      7247.6    0.9527898     1.971729 -0.000780996     19719.32
      7247.8    0.9537766     1.971605 -0.0007144305     19719.99
        7248    0.9546969     1.971448 -0.0006458376     19720.65
      7248.2    0.9555458     1.971311 -0.0006302912     19721.37
      7248.4    0.9563436     1.971212 -0.0005995304     19722.23
      7248.6     0.957083     1.971101 -0.0005992506     19723.04
      7248.8    0.9577491     1.970968 -0.0006936441     19723.73
        7249    0.9583417     1.970832 -0.0007951324     19724.41
      7249.2     0.958867     1.970657 -0.0008078742     19725.09
      7249.4    0.9593315     1.970465 -0.0008303894     19725.78
      7249.6    0.9597181     1.970322 -0.000802868     19726.39
      7249.8    0.9600231     1.970167 -0.0007342125     19726.88
        7250    0.9602657     1.970015 -0.0006835044     19727.39
        7252    0.9588251     1.968709 -0.0007921827     19733.95
        7254    0.9541531     1.967092 -0.0007743987     19741.81
        7256    0.9498128     1.965467 -0.0007496977     19749.28
        7258    0.9499139     1.964043 -0.0007190247     19755.75
        7260    0.9551731     1.962711 -0.0006954489     19762.17
        7262    0.9631395      1.96134 -0.0006914504     19769.25
        7264    0.9708411     1.959903 -0.0006940227     19776.71
        7266    0.9774357     1.958511 -0.0007001642     19783.04
        7268    0.9846108     1.957159 -0.0006936954     19789.07
        7270    0.9947947     1.955739 -0.0006751885     19796.09
        7272     1.007804     1.954354 -0.0006653743     19803.68
        7274     1.019987      1.95311 -0.0006588609      19810.5
        7276     1.028557     1.951836 -0.0006526065      19816.5
        7278     1.034554     1.950468 -0.0006448605     19822.76
        7280     1.041135     1.949133 -0.0006429604     19829.13
        7282      1.04961     1.947951 -0.0006277419     19835.82
        7284     1.059128     1.946693 -0.0006169032     19842.55
        7286     1.067981     1.945446 -0.0006481155     19848.65
        7288     1.073686     1.944198 -0.0007071287     19855.53
        7290     1.072794     1.942766 -0.0007893354     19862.76
        7292     1.063332     1.941036 -0.0008713964     19869.83
        7294     1.047219     1.939131 -0.0009415828      19876.7
        7296     1.028054     1.937226 -0.0009715124     19883.19
        7298     1.009154     1.935233 -0.0009590898      19890.1
        7300    0.9927295     1.933263 -0.0009372778     19896.59
        7302    0.9793251     1.931458 -0.0008946087     19902.22
        7304    0.9689557     1.929728 -0.0008463683      19908.6
        7306    0.9614421     1.928076 -0.000807355     19914.68
        7308    0.9570972     1.926492 -0.0007629646     19920.58
        7310    0.9557801        1.925 -0.0007307107     19926.65
        7312    0.9566926     1.923624 -0.0007156356     19932.41
        7314    0.9582911     1.922231 -0.0007215301     19939.07
        7316    0.9594084     1.920767 -0.0007328594     19946.32
        7318    0.9599475     1.919227 -0.0007377582     19952.77
        7320    0.9603242     1.917762 -0.0007391167     19959.11
        7322    0.9607935     1.916329 -0.0007160999     19965.67
        7324    0.9614616     1.914854 -0.0007145702     19971.57
        7326    0.9623482     1.913499 -0.0007237491     19977.73
        7328    0.9631249     1.912045 -0.0007298949     19983.56
        7330    0.9629279     1.910539 -0.0007587607     19988.94
        7332    0.9611148     1.909015 -0.0007712455     19994.68
        7334    0.9581632     1.907428 -0.000773146      20000.8
        7336    0.9554304     1.905875 -0.0007638226     20007.31
        7338     0.954255     1.904354 -0.0007345685     20013.61
        7340    0.9555586     1.902905 -0.0006989918     20018.87
        7342    0.9600555     1.901552 -0.0006574205     20024.52
        7344     0.967907     1.900283 -0.000621948     20031.06
        7346    0.9782582     1.899094 -0.0005994783     20037.48
        7348    0.9897637     1.897929 -0.0005856988     20043.03
        7350     1.001231     1.896756 -0.0005749593     20048.79
        7352     1.011874     1.895598 -0.0005681846     20055.65
        7354     1.021536     1.894495 -0.000556669        20062
        7356     1.030401     1.893384 -0.0005518293     20067.77
        7358      1.03875     1.892303 -0.0005738069     20074.54
        7360     1.046317     1.891183 -0.0006030242      20081.1
        7362      1.05263     1.889904 -0.0006435614     20087.02
        7364     1.057113     1.888559 -0.0006848525     20092.69
        7366     1.059311     1.887154 -0.0007177701      20098.5
        7368     1.058822     1.885704 -0.0007617226     20104.29
        7370     1.055315     1.884162 -0.0008016056      20110.5
        7372     1.048626     1.882466 -0.000852058     20115.57
        7374     1.038451     1.880741 -0.0008923158     20119.77
        7376     1.024915     1.878888 -0.0009109998     20125.67
        7378     1.008989     1.877023 -0.0009195952     20132.31
        7380    0.9923739     1.875178 -0.0008875003     20138.11
        7382    0.9773312     1.873385 -0.0008481221     20144.06
        7384    0.9657274     1.871788 -0.0007972815      20150.7
        7386    0.9588953     1.870238 -0.0007395388     20156.36
        7388    0.9565956     1.868799 -0.0007078699     20161.67
        7390    0.9577085     1.867468 -0.0006848382     20167.57
        7392    0.9609666     1.866125 -0.0006779599     20173.47
        7394    0.9651177      1.86476 -0.0006809034     20179.69
        7396    0.9690079     1.863376 -0.0006811151     20185.63
        7398    0.9718716     1.862021 -0.0006901002     20191.68
        7400    0.9734944     1.860676 -0.0006987638     20197.47
        7402    0.9742904     1.859239 -0.0007038276        20203
        7404    0.9749662     1.857786 -0.0007072595     20208.76
        7406     0.975967      1.85639 -0.0006985448     20214.78
        7408    0.9773183     1.855018 -0.0006840593      20220.8
        7410    0.9788503     1.853651 -0.0006772026     20226.53
        7412    0.9803674     1.852313 -0.0006794517     20232.43
        7414    0.9816893     1.850973 -0.0006889497     20238.55
        7416    0.9826347     1.849582 -0.0006962786     20244.16
        7418     0.982972     1.848139 -0.0006979049     20249.26
        7420    0.9824853     1.846743 -0.0007009236     20254.74
        7422    0.9810845      1.84539 -0.0006999112     20260.24
        7424    0.9790061     1.843975 -0.0007017938     20265.15
        7426    0.9770836      1.84254 -0.0007037445      20270.7
        7428     0.976154     1.841129 -0.0006952712     20277.38
        7430    0.9765133      1.83976 -0.0006808005     20284.51
        7432    0.9778415     1.838412 -0.0006646118     20290.68
        7434    0.9797432     1.837093 -0.0006552212     20296.08
        7436    0.9823111     1.835812 -0.0006457199     20301.75
        7438    0.9858711     1.834518 -0.0006351666     20307.23
        7440    0.9905525     1.833247 -0.0006284477     20312.84
        7442     0.996078     1.832012 -0.0006398514     20318.79
        7444     1.001902     1.830784 -0.0006561458     20323.79
        7446      1.00752     1.829399 -0.0006680917      20328.6
        7448     1.012336     1.827998 -0.0006839363     20333.91
        7450     1.015927     1.826667 -0.0006787018     20340.19
        7452     1.018303     1.825313 -0.0006686203     20345.96
        7454     1.019743     1.823969 -0.0006691047     20350.97
        7456     1.020566     1.822649 -0.0006742012     20356.67
        7458     1.020966     1.821314 -0.0006802647     20362.67
        7460     1.020932     1.819919 -0.0006911138     20367.94
        7462     1.020262     1.818527 -0.0006944002     20373.23
        7464     1.018699      1.81712 -0.0006914984     20378.84
        7466     1.016167     1.815759 -0.0006932669     20383.82
        7468     1.012846     1.814387 -0.0006920885     20388.96
        7470       1.0091     1.812981 -0.0007020466     20394.11
        7472     1.005288     1.811583 -0.0007102693     20399.97
        7474     1.001732     1.810143 -0.0007063853     20406.16
        7476    0.9988041     1.808705 -0.0007018617     20411.04
        7478    0.9964914      1.80733 -0.0006981107     20416.36
        7480    0.9945026     1.805968 -0.0006966834     20422.46
        7482    0.9923195     1.804558 -0.0006943492     20427.72
        7484    0.9897303     1.803131 -0.0006934021     20432.19
        7486    0.9868476     1.801775 -0.0006907328     20436.32
        7488    0.9839591     1.800421 -0.0006837669     20441.24
        7490    0.9813815     1.799032 -0.0006812774     20447.14
        7492    0.9793581     1.797661 -0.0006738485     20452.34
        7494    0.9782331     1.796325 -0.000657787     20457.46
        7496     0.978122      1.79503 -0.0006451055      20462.9
        7498    0.9789689      1.79377 -0.0006384012     20468.06
        7500    0.9805412       1.7925 -0.0006397286     20472.71
        7502    0.9824781     1.791218 -0.0006470743     20477.65
        7504    0.9844259     1.789912 -0.0006480409     20482.35
        7506    0.9861548     1.788593 -0.0006548106     20487.13
        7508     0.987495     1.787316 -0.0006566437     20491.91
        7510     0.988366     1.785979 -0.0006536265     20496.21
        7512    0.9887999     1.784659 -0.0006543077     20500.28
        7514    0.9889331     1.783364 -0.0006584133     20504.28
        7516    0.9889498     1.782082 -0.0006691542        20506
        7518    0.9890063     1.780712 -0.0006585164     20494.81
        7520    0.9892202     1.779306 -0.000663352     20480.81
        7522    0.9896845     1.778096 -0.0006480858     20478.62
        7524    0.9907315     1.776775 -0.0006195856     20406.96
        7526    0.9914271     1.775527 -0.0006409161     20211.35
        7528    0.9924423     1.774349 -0.0006326774     20210.53
        7530    0.9937532     1.772969 -0.0006437109      20216.1
        7532    0.9945231     1.771713 -0.0006554594     20267.21
        7534    0.9959722     1.770378 -0.0006488966     20535.93
        7536    0.9964913     1.769105 -0.000658335     20530.33
        7538     0.996656     1.767777 -0.0006536417     20536.32
        7540    0.9966772     1.766447 -0.0006492206     20556.34
        7542    0.9966934     1.765149 -0.0006424923     20574.41
        7544    0.9967565     1.763912 -0.0006320104     20580.89
        7546     0.996892     1.762638 -0.000625535     20586.32
        7548    0.9972301     1.761391 -0.0006237351     20591.15
        7550    0.9979261     1.760144 -0.000616701     20595.82
        7552    0.9990932     1.758922 -0.0006207843     20600.79
        7554      1.00076     1.757704 -0.0006251554     20605.39
        7556     1.002827     1.756424 -0.000626607     20610.39
        7558      1.00506     1.755143 -0.0006329935        20616
        7560     1.007193     1.753909 -0.0006310303      20621.6
        7562     1.009025      1.75264 -0.0006354692     20626.75
        7564     1.010367     1.751376 -0.0006438518     20631.28
        7566     1.011122     1.750059 -0.0006409574     20635.78
        7568     1.011254     1.748758 -0.0006471998     20640.35
        7570     1.010793     1.747512 -0.0006545218      20644.4
        7572     1.009806     1.746199 -0.0006678245     20649.19
        7574     1.008296     1.744823 -0.0006786512     20654.23
        7576     1.006398     1.743416 -0.0006766724     20658.26
        7578     1.004316     1.742083 -0.0006682232     20662.52
        7580     1.002232     1.740785 -0.0006578147     20666.45
        7582     1.000308     1.739477 -0.0006461552     20668.55
        7584    0.9986915     1.738153 -0.0006388169     20671.22
        7586    0.9975324     1.736914 -0.000641182     20674.58
        7588    0.9967992     1.735675 -0.0006372876     20678.32
        7590    0.9964535     1.734348 -0.000638124     20682.15
        7592    0.9964308     1.733055 -0.0006449475     20685.46
        7594    0.9966902     1.731809 -0.0006370061     20688.35
        7596     0.997197     1.730515 -0.0006234069     20690.67
        7598    0.9978108     1.729252 -0.0006229099      20693.5
        7600    0.9983881     1.728067 -0.0006232165     20698.31
        7602     0.998759     1.726826 -0.0006221105      20703.5
        7604    0.9988602     1.725529 -0.0006298564     20707.97
        7606     0.998682     1.724275 -0.0006344354     20712.12
        7608    0.9982871     1.723029 -0.0006261474     20716.32
        7610    0.9977486      1.72175 -0.0006251115     20720.15
        7612    0.9971572      1.72052 -0.0006257167     20723.95
        7614    0.9967453     1.719274 -0.0006179435     20728.02
        7616     0.996684     1.718023 -0.0006208988     20732.28
        7618    0.9970486     1.716807 -0.000624186     20736.95
        7620    0.9977592     1.715553 -0.0006193503      20741.9
        7622     0.998666     1.714281 -0.0006173244     20746.65
        7624    0.9996051     1.713068 -0.0006122425     20750.42
        7626     1.000413     1.711868 -0.0006076075     20754.11
        7628     1.000987     1.710655 -0.0006154039     20758.28
        7630     1.001234      1.70942 -0.0006205635     20762.61
        7632     1.001148     1.708145 -0.0006226567     20766.67
        7634     1.000775     1.706903 -0.0006225569     20770.26
        7636     1.000218     1.705674 -0.0006215176     20774.55
        7638    0.9995496     1.704439 -0.0006258838     20779.24
        7640    0.9988081     1.703173 -0.0006238287     20783.85
        7642    0.9981132     1.701896 -0.0006236985     20787.68
        7644    0.9975273     1.700683 -0.0006180653     20791.87
        7646    0.9971172      1.69945 -0.0006169189     20796.15
        7648    0.9968965     1.698228 -0.0006276928     20799.99
        7650     0.996851     1.696961 -0.0006263102     20804.31
        7652    0.9969652     1.695662 -0.0006261868     20808.52
        7654    0.9971788     1.694439 -0.0006268891     20812.34
        7656    0.9975068     1.693219 -0.000624713     20816.78
        7658    0.9979417     1.691946 -0.0006242444     20821.16
        7660    0.9984922     1.690664 -0.0006186235     20825.44
        7662    0.9991973     1.689445 -0.0006061462     20829.78
        7664     1.000035      1.68827 -0.0005933855     20834.05
        7666     1.000959     1.687097 -0.0005889186     20838.29
        7668     1.001912     1.685917 -0.0005972824      20841.7
        7670     1.002888     1.684734 -0.0005990138     20845.09
        7672     1.003871     1.683491 -0.0005954062     20848.42
        7674     1.004844     1.682305 -0.0005955029     20852.34
        7676     1.005794     1.681154 -0.0005862544     20856.69
        7678     1.006689      1.67997 -0.0005882933     20861.16
        7680     1.007476     1.678801 -0.0005899365     20866.17
        7682     1.008088     1.677598 -0.000587949     20870.82
        7684     1.008493     1.676434 -0.0005879742     20875.43
        7686     1.008655     1.675266 -0.0005860447     20879.34
        7688     1.008574     1.674098 -0.0005947234     20882.42
        7690     1.008357      1.67291 -0.0006003453     20885.61
        7692     1.008066     1.671676 -0.0006043772     20889.42
        7694     1.007749     1.670464 -0.0006066234      20894.1
        7696     1.007434     1.669263 -0.0006028885     20898.79
        7698     1.007133     1.668057 -0.0005971723     20902.28
        7700     1.006905     1.666853 -0.000590339      20905.7
        7702     1.006718     1.665686 -0.0005887263     20909.71
        7704     1.006535      1.66454 -0.0005933278     20913.51
        7706     1.006291     1.663347 -0.0005929053     20917.23
        7708     1.005969     1.662107 -0.0005927899      20920.9
        7710     1.005612     1.660943 -0.0005950955     20924.64
        7712     1.005228     1.659798 -0.0005899647     20928.93
        7714     1.004837     1.658586 -0.0005871475     20933.01
        7716     1.004416     1.657387 -0.0005926543     20937.25
        7718     1.004021     1.656246 -0.0005944841     20940.96
        7720      1.00374     1.655056 -0.0005926227     20944.68
        7722     1.003582     1.653831 -0.0006034741     20947.92
        7724      1.00357     1.652646 -0.0006060869     20950.89
        7726     1.003647     1.651418 -0.0006008638     20954.17
        7728     1.003796     1.650208 -0.0005960343     20957.38
        7730     1.003984     1.649024 -0.0005872293      20960.8
        7732     1.004185     1.647878 -0.0005830442     20964.07
        7734     1.004392      1.64672 -0.0005810474     20967.46
        7736     1.004558     1.645543 -0.0005858166     20970.55
        7738     1.004699     1.644375 -0.0005870752     20973.41
        7740     1.004794     1.643191 -0.0005818627      20976.7
        7742      1.00486     1.642024 -0.0005838642     20980.28
        7744     1.004922     1.640888 -0.000582369     20983.87
        7746     1.005007     1.639704 -0.0005808854     20987.82
        7748     1.005164     1.638532 -0.0005842918     20991.38
        7750     1.005386     1.637376 -0.0005777787      20994.6
        7752     1.005628     1.636214 -0.0005783954     20997.99
        7754     1.005804     1.635082 -0.0005786339     21001.49
        7756     1.005881     1.633905 -0.0005752299     21004.78
        7758     1.005842     1.632747 -0.0005757215     21008.02
        7760     1.005707     1.631612 -0.0005785537      21011.6
        7762     1.005542     1.630476 -0.0005856714     21014.75
        7764     1.005323     1.629276 -0.0005798736     21017.67
        7766      1.00506     1.628062 -0.0005723129     21019.93
        7768     1.004811     1.626973 -0.0005758719     21021.84
        7770     1.004558     1.625898 -0.0005694916     21023.45
        7772     1.004344     1.624669 -0.0005519258      21024.8
        7774     1.004173     1.623506 -0.0005547366     21025.71
        7776     1.004053     1.622558 -0.0005777406     21024.76
        7778      1.00401      1.62146 -0.0005754221     21021.61
        7780     1.004026     1.620048 -0.000580283     21012.67
        7782     1.004093     1.618903 -0.0005778631     20985.88
        7784     1.004836     1.617916 -0.0005318843     20766.87
        7786     1.004289     1.616837 -0.0005505302     20223.42
        7788     1.003261     1.615793 -0.0005739484      19778.8
        7790     1.003987     1.614498 -0.0005864359     20274.61
        7792     1.004211     1.613324 -0.0006003461     21014.69
        7794     1.004568     1.612146 -0.0005773374     21071.17
        7796      1.00477      1.61099 -0.0005722845     21080.96
        7798     1.005017      1.60988 -0.0005721552     21087.23
        7800     1.005304     1.608746 -0.0005719017     21091.61
        7802     1.005604     1.607568 -0.0005764466     21094.92
        7804     1.005889     1.606415 -0.0005762719     21098.12
        7806     1.006186     1.605268 -0.0005627046     21101.08
        7808     1.006482     1.604136 -0.0005526073     21104.62
        7810     1.006756     1.603067 -0.000552733     21107.88
        7812     1.007026     1.601994 -0.0005558817     21110.49
        7814     1.007248     1.600846 -0.0005614734     21113.07
        7816     1.007427     1.599688 -0.0005686839     21115.32
        7818      1.00757     1.598575 -0.0005678215     21116.91
        7820      1.00769     1.597444 -0.000561087     21119.57
        7822     1.007814     1.596304 -0.0005585355     21123.04
        7824     1.007925       1.5952 -0.000560142     21126.44
        7826     1.008037     1.594107 -0.0005584364     21129.36
        7828      1.00817     1.592963 -0.0005589993     21131.86
        7830     1.008317     1.591836 -0.0005667083     21134.18
        7832     1.008477     1.590728 -0.000566214     21137.02
        7834     1.008608     1.589573 -0.000566505     21140.74
        7836     1.008705     1.588433 -0.0005642686     21144.39
        7838     1.008776     1.587304 -0.0005549563      21147.9
        7840     1.008825     1.586214 -0.0005514112     21150.92
        7842     1.008868     1.585133 -0.0005496206     21153.86
        7844     1.008866     1.584022 -0.0005509691     21156.87
        7846     1.008846     1.582907 -0.0005548685     21159.82
        7848     1.008827     1.581806 -0.0005563631     21162.37
        7850      1.00883     1.580694 -0.0005551096     21164.31
        7852     1.008862     1.579571 -0.0005513836     21166.56
        7854     1.008838     1.578466    -0.000546     21169.25
        7856     1.008762     1.577395 -0.0005465348     21171.78
        7858     1.008662     1.576326 -0.0005490886     21174.03
        7860     1.008526     1.575199 -0.0005510056     21176.55
        7862     1.008368     1.574074 -0.0005589471     21179.47
        7864     1.008185     1.572987 -0.0005559624     21182.24
        7866     1.008017     1.571855 -0.0005506834     21185.27
        7868     1.007874     1.570751 -0.0005515844     21187.93
        7870      1.00775     1.569668 -0.0005489913     21190.32
        7872     1.007634     1.568574 -0.0005482748     21193.31
        7874     1.007479     1.567463 -0.0005511747     21197.24
        7876     1.007328     1.566365 -0.0005504867     21201.77
        7878     1.007194     1.565259 -0.000539942     21204.81
        7880     1.007062      1.56417 -0.0005360184      21207.8
        7882     1.006961     1.563143 -0.0005370788     21211.05
        7884     1.006866     1.562077 -0.0005360569     21214.37
        7886     1.006782     1.560962 -0.0005410847     21217.61
        7888     1.006706     1.559882 -0.0005456328     21219.89
        7890     1.006656     1.558815 -0.0005508714     21222.58
        7892     1.006638     1.557712 -0.0005568978     21225.58
        7894     1.006596     1.556555 -0.000554198     21228.07
        7896     1.006524     1.555427 -0.0005502878     21231.07
        7898     1.006437     1.554381 -0.0005457011     21234.35
        7900     1.006345     1.553309 -0.0005428002     21237.31
        7902     1.006263      1.55219 -0.000536757     21240.15
        7904     1.006178     1.551084 -0.0005315127      21243.7
        7906     1.006095     1.550087 -0.0005430569     21247.87
        7908     1.006045     1.549057 -0.0005437105     21251.65
        7910     1.006036     1.547845 -0.0005347102     21254.89
        7912     1.006057     1.546734 -0.0005417788     21257.16
        7914     1.006251     1.545809 -0.0005309366     21200.69
        7916     1.006757     1.544723 -0.0005152009     20958.44
        7918     1.006252     1.543598 -0.0005337916     20762.13
        7920     1.005366     1.542613 -0.0005299624     20926.03
        7922     1.005687     1.541539 -0.0005240764      21158.1
        7924     1.005852     1.540483 -0.0005323515     21229.87
        7926     1.005809     1.539405 -0.0005268003     21243.85
        7928     1.005778     1.538354 -0.0005285202     21251.47
        7930     1.005774     1.537325 -0.0005284381     21257.57
        7932     1.005809     1.536255 -0.0005321683     21261.83
        7934     1.005879     1.535177 -0.000535484      21266.1
        7936     1.005988     1.534097 -0.0005310623     21270.49
        7938      1.00612     1.533041 -0.0005294479     21273.82
        7940     1.006247     1.532007 -0.0005245177     21276.96
        7942     1.006371     1.530942 -0.000525192     21279.59
        7944     1.006473     1.529901 -0.0005263023     21282.44
        7946      1.00654     1.528839 -0.0005232323     21285.44
        7948     1.006593     1.527796 -0.000523119     21288.31
        7950     1.006624     1.526756 -0.0005191546     21291.23
        7952     1.006656     1.525716 -0.0005210451     21293.82
        7954     1.006676     1.524686 -0.0005219942     21296.35
        7956     1.006669     1.523628 -0.0005246144      21299.1
        7958     1.006668      1.52258  -0.00051912        21302
        7960     1.006668     1.521519 -0.0005120622     21304.58
        7962     1.006677     1.520533 -0.0005167851     21306.77
        7964     1.006698     1.519531 -0.0005156968     21308.74
        7966     1.006707     1.518446 -0.0005214999     21310.76
        7968     1.006724     1.517393 -0.000527843     21313.27
        7970     1.006767     1.516361 -0.0005226405     21315.84
        7972      1.00684     1.515309 -0.0005167727     21318.76
        7974     1.006934     1.514265 -0.0005175187     21321.58
        7976     1.006996     1.513259 -0.0005175583     21323.39
        7978     1.007037     1.512221 -0.0005158442     21325.63
        7980      1.00706     1.511168 -0.0005209794      21327.6
        7982     1.007049     1.510138 -0.0005239408     21329.75
        7984      1.00702     1.509091 -0.0005247881     21332.21
        7986     1.006942     1.508029 -0.0005233558     21334.39
        7988     1.006832      1.50697 -0.0005228479     21336.89
        7990     1.006735     1.505951 -0.0005163438     21339.37
        7992      1.00665     1.504908 -0.0005094657     21341.69
        7994     1.006563     1.503898 -0.0005152938     21343.57
        7996     1.006465     1.502894 -0.0005134818      21345.5
        7998     1.006375     1.501829 -0.0005154001     21347.47
        8000     1.006306       1.5008 -0.0005180622     21349.83
        8002     1.006244     1.499775 -0.0005130654     21352.53
        8004     1.006186      1.49875 -0.0005117982     21355.13
        8006     1.006115     1.497724 -0.0005092924     21357.67
        8008     1.006015     1.496706 -0.0005091766     21360.37
        8010     1.005913     1.495701 -0.0005045074     21362.69
        8012     1.005801     1.494676 -0.0005047592     21364.87
        8014     1.005684     1.493688 -0.0005051886     21367.34
        8016      1.00558     1.492668 -0.000499343     21369.62
        8018     1.005451     1.491659 -0.0005007544     21371.56
        8020     1.005329     1.490682 -0.0005012402     21373.32
        8022      1.00521     1.489682 -0.0004996016     21375.02
        8024     1.005091     1.488658 -0.0005023478     21376.64
        8026     1.004979     1.487663 -0.0005047259     21378.66
        8028     1.004846     1.486663 -0.000502863        21381
        8030     1.004699     1.485644 -0.0005073159     21383.11
        8032     1.004568     1.484635 -0.0005105095     21385.03
        8034     1.004434     1.483604 -0.0005079793     21387.01
        8036     1.004317     1.482579 -0.0005075101     21389.14
        8038     1.004186      1.48158 -0.0005063423     21391.56
        8040     1.004025     1.480575 -0.0005093068     21393.65
        8042     1.003892     1.479553 -0.0005099099     21395.42
        8044      1.00375     1.478504 -0.0005046366     21397.27
        8046     1.003608     1.477501 -0.0005055565     21399.46
        8048     1.003438     1.476538 -0.0005051585     21401.59
        8050     1.003237     1.475509 -0.0005083329     21403.75
        8052     1.003062     1.474463 -0.0005083475     21406.02
        8054     1.002881     1.473435 -0.0005006602     21407.99
        8056     1.002702     1.472471 -0.0004961202      21410.5
        8058     1.002538     1.471504 -0.0004940573     21412.69
        8060     1.002355     1.470494 -0.0004979476     21414.46
        8062     1.002161     1.469482 -0.000498343     21416.35
        8064     1.001965     1.468488 -0.000494687     21417.92
        8066     1.001771     1.467517 -0.0004940479     21419.39
        8068      1.00159     1.466537 -0.0004930296     21421.28
        8070     1.001397      1.46553 -0.0004969717     21422.91
        8072     1.001204     1.464543 -0.0004990992      21424.6
        8074     1.001038     1.463541 -0.0004932837     21426.58
        8076     1.000883     1.462544 -0.0004943512     21428.26
        8078     1.000758     1.461583 -0.0004960227     21430.07
        8080     1.000642     1.460589 -0.0004944532      21431.6
        8082     1.000522     1.459573 -0.0005004093     21434.08
        8084     1.000416     1.458588  -0.00050226     21435.73
        8086     1.000323      1.45758 -0.0004937543     21436.94
        8088     1.000255     1.456571 -0.0004929103      21438.8
        8090     1.000205     1.455623 -0.0004949526     21440.82
        8092     1.000156     1.454645 -0.0004917835     21442.95
        8094     1.000113     1.453621 -0.0004921816     21444.94
        8096     1.000085     1.452636 -0.0004916054     21447.03
        8098     1.000056     1.451685 -0.0004862743     21449.22
        8100     1.000023     1.450712 -0.000482826     21450.45
        8102    0.9999648      1.44973 -0.0004865656     21451.54
        8104    0.9998823     1.448774 -0.0004881871      21453.3
        8106    0.9997996     1.447793 -0.0004846593     21455.09
        8108    0.9997075     1.446807 -0.0004840609     21456.81
        8110    0.9996131     1.445853 -0.0004846267     21458.69
        8112    0.9994951     1.444901 -0.0004857098     21459.95
        8114    0.9993449     1.443916 -0.0004868917     21461.29
        8116    0.9991999     1.442921 -0.0004869855     21463.04
        8118    0.9990307     1.441958 -0.0004831125     21464.66
        8120    0.9988624     1.441005 -0.000478921     21465.98
        8122    0.9987124     1.440051 -0.0004790992     21466.84
        8124    0.9985393     1.439089 -0.0004802991     21468.36
        8126    0.9983655     1.438125 -0.0004817955     21469.99
        8128    0.9982174     1.437163 -0.000480957     21470.92
        8130    0.9980769     1.436197 -0.000481585     21471.79
        8132     0.997947     1.435242 -0.0004820661     21472.11
        8134    0.9978087     1.434272 -0.0004842513     21472.84
        8136    0.9976568     1.433306 -0.0004827872     21474.58
        8138    0.9975181     1.432323 -0.0004799601     21476.29
        8140    0.9973663      1.43138 -0.0004808945     21477.83
        8142    0.9972165     1.430433 -0.0004774158     21479.02
        8144    0.9970704     1.429459 -0.0004815575     21479.82
        8146    0.9968948     1.428503 -0.0004874077      21480.4
        8148    0.9967157     1.427527 -0.0004866701     21480.77
        8150    0.9965411     1.426534 -0.000487595      21482.2
        8152    0.9963775     1.425566 -0.0004864581     21483.87
        8154    0.9962146     1.424603 -0.0004791488        21485
        8156    0.9960199     1.423635 -0.0004747665     21486.34
        8158     0.995825       1.4227 -0.0004739828     21487.54
        8160    0.9956299     1.421768 -0.0004731855     21488.05
        8162    0.9954409     1.420811 -0.000474078     21488.85
        8164    0.9952789      1.41985 -0.0004751425     21490.16
        8166    0.9950924     1.418908 -0.0004736231     21491.56
        8168    0.9948855     1.417967 -0.0004696629     21492.89
        8170    0.9946765     1.417022 -0.0004689044     21494.35
        8172    0.9944555     1.416093 -0.0004679074      21495.4
        8174    0.9942454     1.415156   -0.0004672     21496.87
        8176    0.9940331     1.414223 -0.0004700754     21498.29
        8178    0.9937905     1.413284 -0.0004700742     21498.58
        8180    0.9935512     1.412332 -0.0004679263     21498.99
        8182    0.9933194     1.411396 -0.0004660149     21499.77
        8184    0.9930743      1.41048 -0.0004638159     21501.28
        8186    0.9928445     1.409556 -0.0004646681     21503.15
        8188    0.9926158     1.408621 -0.000467711     21504.55
        8190    0.9923691     1.407679 -0.0004695121     21505.55
        8192    0.9921353     1.406738 -0.0004673355     21506.84
        8194    0.9919021       1.4058 -0.0004686555      21507.8
        8196    0.9916815     1.404883 -0.0004696311     21508.82
        8198    0.9914759     1.403929 -0.0004689819     21510.21
        8200    0.9912391     1.402981 -0.0004710043     21511.24
        8202    0.9910033     1.402048 -0.0004654756     21512.45
        8204    0.9907721     1.401115 -0.0004586525      21513.4
        8206    0.9905325     1.400205 -0.0004598563     21514.24
        8208    0.9903075     1.399312 -0.0004610596     21515.05
        8210    0.9900645     1.398369 -0.0004629886     21515.67
        8212    0.9897955     1.397426 -0.0004660783     21516.26
        8214    0.9895396     1.396502 -0.0004600262     21517.26
        8216    0.9892895     1.395583 -0.0004546361     21518.42
        8218     0.989025     1.394689 -0.0004538207      21519.4
        8220    0.9887545     1.393789 -0.0004545611     21520.39
        8222    0.9884645     1.392871 -0.0004585396     21521.82
        8224    0.9881759     1.391947 -0.0004625447     21523.51
        8226    0.9878975     1.391021 -0.0004627164     21523.96
        8228    0.9876233     1.390089 -0.000463945     21523.93
        8230    0.9873654     1.389169 -0.0004651714     21524.83
        8232    0.9870905     1.388235 -0.0004618383     21525.43
        8234     0.986809     1.387299 -0.0004609484     21526.33
        8236    0.9865467     1.386394 -0.0004565186     21527.07
        8238    0.9862883     1.385482 -0.0004523369      21527.7
        8240    0.9860396     1.384583 -0.0004575703     21528.29
        8242    0.9857956     1.383681 -0.0004589605     21528.77
        8244    0.9855376     1.382734 -0.0004595538     21529.45
        8246    0.9852828      1.38181 -0.0004592179     21530.29
        8248    0.9850434     1.380907 -0.0004527931     21531.06
        8250    0.9847986     1.380007 -0.000448792     21531.89
