# This file has been produced by extranormal (v 1.0.1 - February 23, 2017)
# O. Roudenko - Synchrotron SOLEIL. Covered by GPL licence.
#Data from HDF File: /nfs/ruche-rock/rock-soleil/com-rock/2021/Projets/20210209_Hilde/InSitu/10Ni-10Fe_50BN/10Ni-10Fe_50BN_afterTPR_RT/10Ni-10Fe_50BN_afterTPR_RT_00002.nxs to 10Ni-10Fe_50BN_afterTPR_RT_00202.nxs
#Time at start=2021-02-10 01:20:55.264
#Time from start (seconds)=505.282072319
#Sample temperature (C)=24.5
# Normalization -------------
# pivot spectrum: Pivot_Ni_10Ni-10Fe_50BN_RT_air_av2000_00001.txt
# E0=8333.0   Eshift=5.10961908825
# E0_pivot = 8333.0
# pre-edge params: from E0_pivot-182.0 to E0_pivot-50.0
# pre-edge range: [8151.0, 8283.0]
# post-edge params: from E0_pivot+100.0 to E0_pivot+640.0
# post-edge range: [8433.0, 8970.0]
# I jump at E0_pivot = 0.950110581051
# shifted energy	normalized	reference	ref.derivative	I0
        8150  0.001516236     1.406219 -0.001266974     21530.77
        8152  0.001516236     1.406219 -0.001266974     21530.77
        8154  0.001516236     1.406219 -0.001266974     21530.77
        8156  0.001516236     1.406219 -0.001266974     21530.77
        8158  0.001468513     1.403747 -0.001262846     21532.33
        8160  0.001331666     1.401351 -0.001279367     21533.94
        8162  0.001169034     1.398615 -0.001272703     21534.78
        8164  0.001068741     1.395984 -0.001309221     21535.38
        8166 0.0009621082     1.393565 -0.001283958     21536.37
        8168  0.000899936     1.390878 -0.001259349     21537.49
        8170 0.0008188425     1.388344 -0.001271829     21538.47
        8172 0.0006529037     1.385909 -0.001259049      21539.5
        8174   0.00051882     1.383391  -0.00124802     21540.54
        8176 0.0004182818     1.380805 -0.001258358     21541.64
        8178 0.0003439115     1.378359 -0.001257914     21543.42
        8180 0.0003038973     1.375842 -0.001248884     21545.08
        8182 0.0001749823     1.373327 -0.001257165     21545.54
        8184 2.018428e-05     1.370814 -0.001262593     21546.04
        8186 -6.047142e-05     1.368302 -0.001260355     21547.25
        8188 -8.761198e-05     1.365742 -0.001249422     21549.45
        8190 -9.626635e-05     1.363244 -0.001253968     21551.47
        8192  -0.00016732     1.360819 -0.001229393     21552.48
        8194 -0.0002904959      1.35827 -0.001230023     21553.41
        8196 -0.0003067862     1.355906 -0.001236556     21554.75
        8198 -0.0003266712     1.353404 -0.001208841     21555.63
        8200 -0.0003496907     1.350926 -0.001232416     21556.81
        8202 -0.0003816968       1.3486 -0.001235935     21558.08
        8204 -0.0004501389     1.346047 -0.001225468     21559.08
        8206 -0.0005034838     1.343517 -0.001248762      21560.1
        8208 -0.0005803189     1.341122 -0.001257052     21561.05
        8210 -0.0006121232      1.33861 -0.001243205      21562.4
        8212 -0.0005804146     1.335991 -0.001247097     21563.59
        8214 -0.0006124524     1.333571 -0.001248502      21564.3
        8216 -0.0006912123     1.331146  -0.00123163     21565.04
        8218 -0.0007225951     1.328621  -0.00122764     21566.11
        8220 -0.0007427781     1.326138 -0.001227209     21567.13
        8222 -0.0007586761      1.32375 -0.001223327     21568.27
        8224 -0.0007770889     1.321328 -0.001218475     21569.31
        8226 -0.0008130417     1.318835 -0.001235673     21570.77
        8228 -0.0007986219      1.31639 -0.001250829     21572.32
        8230 -0.0008055831     1.313865 -0.001242096     21572.42
        8232 -0.0008539757     1.311321 -0.001240639     21572.52
        8234 -0.0008406855     1.308898 -0.001224049     21573.68
        8236 -0.0008532592     1.306465 -0.001208144     21574.05
        8238 -0.000839629     1.304072 -0.001210622     21575.29
        8240 -0.0007826153     1.301656 -0.001200332      21576.2
        8242 -0.0007747483     1.299213 -0.001197167     21576.73
        8244 -0.0007500005     1.296862 -0.001171351     21577.35
        8246 -0.0007112028     1.294495 -0.001152587     21578.23
        8248 -0.0007297607     1.292285  -0.00115522     21579.21
        8250 -0.0007505341     1.289992 -0.001121178     21579.88
        8252 -0.0007053492      1.28762 -0.001118825     21580.18
        8254 -0.0006261097     1.285525 -0.001133208     21580.66
        8256 -0.0005528733     1.283335 -0.001134769     21580.86
        8258 -0.0005074113     1.280927 -0.001161049     21580.48
        8260 -0.0004929407     1.278542 -0.001175022     21580.81
        8262 -0.0004480994     1.276237 -0.001141147     21581.38
        8264 -0.0004224736     1.273935 -0.001112813     21581.42
        8266 -0.0003577922     1.271798 -0.001114405     21581.62
        8268 -0.0002246738      1.26964 -0.001111852     21582.04
        8270 -0.0001382895     1.267322 -0.001140382     21581.93
        8272 -8.370449e-05      1.26504 -0.001143569        21582
        8274 7.870874e-08     1.262675 -0.001109279     21582.16
        8276 0.0001221512     1.260491 -0.001115922     21581.72
        8278 0.0002676115     1.258448 -0.001113726     21581.55
        8280 0.0003959759     1.256112  -0.00111297     21581.39
      8280.2 0.0004056106     1.255865 -0.001116231     21581.28
      8280.4 0.0004152453     1.255618 -0.001119493     21581.17
      8280.6   0.00042488     1.255371 -0.001122754     21581.06
      8280.8 0.0004345147     1.255123 -0.001126015     21580.95
        8281 0.0004441493     1.254876 -0.001129276     21580.85
      8281.2 0.0004525279     1.254642 -0.001131511     21580.73
      8281.4 0.0004593829     1.254422 -0.001132501     21580.59
      8281.6 0.0004662379     1.254203 -0.001133491     21580.46
      8281.8 0.0004730929     1.253984 -0.001134481     21580.33
        8282 0.0004799479     1.253765 -0.001135471      21580.2
      8282.2 0.0004868029     1.253546 -0.001136461     21580.06
      8282.4 0.0004936579     1.253326 -0.001137451     21579.93
      8282.6  0.000500513     1.253107 -0.001138441      21579.8
      8282.8  0.000507368     1.252888  -0.00113943     21579.67
        8283  0.000514223     1.252669  -0.00114042     21579.53
      8283.2 0.0005253016     1.252451 -0.001138837     21579.43
      8283.4 0.0005415029     1.252235 -0.001134132     21579.37
      8283.6 0.0005577042     1.252019 -0.001129427     21579.31
      8283.8 0.0005739055     1.251803 -0.001124722     21579.25
        8284 0.0005901068     1.251587 -0.001120017     21579.19
      8284.2 0.0006063081     1.251371 -0.001115312     21579.13
      8284.4 0.0006225094     1.251156 -0.001110607     21579.07
      8284.6 0.0006387106      1.25094 -0.001105902     21579.01
      8284.8 0.0006549119     1.250724 -0.001101197     21578.95
        8285 0.0006711132     1.250508 -0.001096492     21578.89
      8285.2 0.0006950559     1.250276 -0.001082471      21578.9
      8285.4 0.0007186802     1.250044  -0.00105231     21578.87
      8285.6 0.0007260927     1.249856 -0.001060699     21578.67
      8285.8 0.0007282657     1.249677 -0.001113291     21578.43
        8286 0.0007308306     1.249428 -0.001154464     21578.08
      8286.2 0.0007323813     1.249153 -0.001149745     21577.58
      8286.4 0.0007402711     1.248933  -0.00102067     21577.18
      8286.6 0.0007624019     1.248757 -0.0008618067     21577.07
      8286.8 0.0007824876     1.248611 -0.0008180617     21576.89
        8287 0.0007949059     1.248463 -0.0008645325     21576.57
      8287.2 0.0008128527     1.248278 -0.0009853231     21576.37
      8287.4 0.0008351708     1.248065 -0.001119936     21576.23
      8287.6 0.0008577617     1.247823 -0.001167277      21576.1
      8287.8 0.0008783715     1.247568 -0.001151954     21575.96
        8288 0.0008932638     1.247345  -0.00112388     21575.75
      8288.2 0.0009031298     1.247144 -0.001095596     21575.44
      8288.4 0.0009150315     1.246924  -0.00107444     21575.07
      8288.6 0.0009354298     1.246691 -0.001071136      21574.7
      8288.8 0.0009623148     1.246485 -0.001076312      21574.4
        8289 0.0009886132     1.246287  -0.00106212     21574.21
      8289.2  0.001015182     1.246063 -0.001049814      21574.1
      8289.4  0.001046135     1.245841 -0.001073702     21573.92
      8289.6  0.001072588     1.245645 -0.001146305     21573.62
      8289.8  0.001095712     1.245428 -0.001244287     21573.32
        8290  0.001124469     1.245146 -0.001340157     21573.15
      8290.2  0.001150125     1.244846 -0.001362813     21572.94
      8290.4  0.001166626     1.244573 -0.001277655      21572.6
      8290.6  0.001182173     1.244338 -0.001211715     21572.33
      8290.8   0.00120669     1.244124 -0.001213192     21572.28
        8291  0.001238775     1.243877 -0.001218193     21572.18
      8291.2  0.001265916     1.243602 -0.001192217     21571.89
      8291.4  0.001279363     1.243363 -0.001073412     21571.54
      8291.6  0.001283892      1.24317 -0.0009089419     21571.15
      8291.8  0.001288311     1.243018 -0.0008439116     21570.58
        8292  0.001297213     1.242875 -0.0009001266     21569.94
      8292.2  0.001311745     1.242688 -0.001030609      21569.5
      8292.4  0.001331745      1.24245 -0.001163643     21569.13
      8292.6  0.001351925     1.242193 -0.001219807     21568.63
      8292.8  0.001368909     1.241944 -0.001181063        21568
        8293  0.001386235     1.241712 -0.001052136     21567.33
      8293.2  0.001399003     1.241505 -0.0008564982     21566.57
      8293.4  0.001410777     1.241352 -0.0006885131      21565.8
      8293.6  0.001436605     1.241259 -0.0006154328      21565.2
      8293.8  0.001468552     1.241161 -0.0006298122     21564.54
        8294  0.001495938     1.241013 -0.0006919673      21563.8
      8294.2  0.001522909     1.240848 -0.0007223281     21563.19
      8294.4  0.001550083     1.240706 -0.000706439     21562.58
      8294.6  0.001570404     1.240584 -0.0007195147     21561.88
      8294.8  0.001586427     1.240448 -0.0008159615     21561.19
        8295  0.001612696     1.240272 -0.0009586465      21560.6
      8295.2  0.001650289     1.240053 -0.001056716     21559.96
      8295.4  0.001689543     1.239817 -0.001066961      21559.2
      8295.6  0.001721974     1.239602 -0.001023699     21558.43
      8295.8  0.001743453     1.239419 -0.0009917729     21557.55
        8296  0.001758554     1.239234 -0.001004365     21556.54
      8296.2  0.001778194     1.239023 -0.001060769     21555.47
      8296.4  0.001805057     1.238799 -0.001114658     21554.28
      8296.6  0.001826974      1.23857 -0.001131564     21552.92
      8296.8  0.001843345     1.238342 -0.001131356     21551.48
        8297  0.001868335     1.238118 -0.001111567     21550.02
      8297.2  0.001901269     1.237894 -0.001072394     21548.46
      8297.4  0.001930262     1.237681 -0.001046263     21546.88
      8297.6  0.001958693     1.237484 -0.001051196     21545.34
      8297.8   0.00200094     1.237281 -0.001101767     21543.79
        8298   0.00204536     1.237053 -0.001186137     21542.14
      8298.2  0.002075606     1.236799 -0.001250839     21540.24
      8298.4    0.0021003     1.236535 -0.001265745     21538.01
      8298.6  0.002138208      1.23628 -0.001254568     21535.66
      8298.8  0.002195133      1.23604 -0.001229252     21533.23
        8299  0.002255162     1.235796 -0.001121986      21530.5
      8299.2  0.002304395     1.235552 -0.0009322058     21527.31
      8299.4  0.002353635     1.235383 -0.0007468586     21523.63
      8299.6  0.002410553     1.235294 -0.000604701     21519.39
      8299.8  0.002472688     1.235198 -0.0005542755     21514.42
        8300  0.002551628     1.235068 -0.000568069     21508.65
      8300.2  0.002645162     1.234939 -0.0005305866     21501.93
      8300.4  0.002739775      1.23484 -0.0003935235      21493.9
      8300.6  0.002836231     1.234774 -0.0002399465     21484.11
      8300.8   0.00294095     1.234753 -0.0001610828     21472.18
        8301  0.003059434     1.234747 -0.0001318889     21458.11
      8301.2  0.003184722     1.234711 -0.0002011784     21442.07
      8301.4  0.003296926     1.234668 -0.0003990671     21424.01
      8301.6  0.003393221     1.234592 -0.000639242     21403.88
      8301.8  0.003475026     1.234428 -0.0009036382     21381.91
        8302  0.003523403       1.2342 -0.001152237     21358.78
      8302.2  0.003529189     1.233945 -0.001302931     21335.68
      8302.4  0.003505508     1.233671 -0.001325255     21313.98
      8302.6  0.003469043     1.233386 -0.001246785     21294.62
      8302.8  0.003421648     1.233139 -0.001088956     21277.92
        8303  0.003360632     1.232948 -0.0008356481     21263.67
      8303.2  0.003302799     1.232799 -0.0005250629      21251.5
      8303.4  0.003271115     1.232717 -0.0002236625      21240.9
      8303.6  0.003255394     1.232719  3.85455e-05      21230.9
      8303.8  0.003263537     1.232769 0.0002965075     21220.55
        8304  0.003336405      1.23283 0.0005849111     21209.15
      8304.2  0.003479045     1.232954 0.0009594186     21195.61
      8304.4  0.003688473     1.233187  0.001496211     21178.66
      8304.6  0.003974146     1.233536  0.002152596     21156.93
      8304.8  0.004340322     1.234027  0.002848973     21128.67
        8305  0.004790928     1.234676  0.003507189     21091.83
      8305.2  0.005327126     1.235466  0.003995179     21044.26
      8305.4  0.005944052     1.236342  0.004175862     20983.58
      8305.6  0.006635073     1.237223  0.003878395     20907.02
      8305.8  0.007386729     1.238017  0.002906995     20812.05
        8306  0.008149934     1.238569  0.001202761      20698.1
      8306.2  0.008822785     1.238668 -0.001179303     20567.44
      8306.4  0.009279604     1.238186 -0.004094038     20424.05
      8306.6   0.00941009     1.237074 -0.007209969     20272.99
      8306.8  0.009130998     1.235294   -0.0100324     20121.38
        8307  0.008387766       1.2329  -0.01204614     19979.68
      8307.2  0.007214642      1.23016  -0.01290561     19860.32
      8307.4  0.005754704     1.227437  -0.01246303     19773.56
      8307.6  0.004196081     1.224969  -0.01096195     19724.74
      8307.8  0.002720544     1.222929 -0.008909439      19715.5
        8308  0.001479089      1.22139 -0.006657356     19744.01
      8308.2  0.000570113     1.220309 -0.004518995     19804.34
      8308.4    9.015e-06     1.219644 -0.002754988     19887.58
      8308.6 -0.0002635648     1.219314 -0.001426303     19984.88
      8308.8 -0.0003384692     1.219186 -0.0004507505     20090.25
        8309 -0.0003022502     1.219168 0.0003565982     20200.42
      8309.2 -0.0002269137     1.219283  0.001163082     20313.02
      8309.4 -0.000128125     1.219599   0.00201555     20425.27
      8309.6 4.560812e-05     1.220117  0.002864406     20534.46
      8309.8  0.000348253     1.220781  0.003599195     20638.78
        8310 0.0007923519     1.221574  0.004073494        20736
      8310.2  0.001354723     1.222479  0.004235182     20822.73
      8310.4  0.002000609     1.223375  0.004081487     20895.87
      8310.6  0.002673855     1.224169  0.003638565     20953.77
      8310.8  0.003320068      1.22484  0.003083902     20996.28
        8311  0.003911839      1.22539  0.002612601      21023.9
      8311.2  0.004428236     1.225843   0.00236531     21037.35
      8311.4  0.004867786     1.226259  0.002431298     21038.39
      8311.6  0.005271758     1.226732  0.002751723     21029.51
      8311.8  0.005699423     1.227335  0.003172627     21011.63
        8312  0.006164187     1.228044  0.003590828      20982.7
      8312.2  0.006638282     1.228797  0.003952998      20940.5
      8312.4  0.007110589     1.229605  0.004169793     20885.65
      8312.6  0.007582134     1.230497  0.004129578     20818.63
      8312.8  0.008037024      1.23138  0.003796193     20736.27
        8313  0.008444838     1.232101  0.003023327     20634.13
      8313.2   0.00879743     1.232642  0.001567042     20512.41
      8313.4  0.009098916     1.232916 -0.0007167114     20375.56
      8313.6  0.009256948     1.232633 -0.003792411      20227.9
      8313.8  0.009066732     1.231527 -0.007257075     20072.86
        8314  0.008413238     1.229608  -0.01037024     19918.51
      8314.2  0.007363158      1.22711  -0.01235331     19779.69
      8314.4  0.006111971     1.224337  -0.01292485     19673.24
      8314.6   0.00491653     1.221645  -0.01225408     19611.39
      8314.8  0.004005712     1.219268  -0.01061204     19598.41
        8315  0.003492671     1.217307 -0.008486114     19631.06
      8315.2  0.003353488     1.215848 -0.006376678     19701.48
      8315.4  0.003464373     1.214856 -0.004567314     19799.51
      8315.6  0.003657349     1.214166  -0.00312309     19915.18
      8315.8  0.003783966     1.213653 -0.001881715     20040.94
        8316  0.003765824     1.213349 -0.0006186241     20172.28
      8316.2  0.003619071      1.21335  0.000753428     20306.76
      8316.4  0.003439046     1.213671  0.002126979     20442.29
      8316.6  0.003345926     1.214256  0.003335325     20576.45
      8316.8  0.003426268     1.215051  0.004258714     20706.88
        8317  0.003709226     1.216019  0.004787569      20830.7
      8317.2   0.00417727     1.217078   0.00477438     20943.37
      8317.4   0.00476875     1.218086  0.004189559      21039.3
      8317.6  0.005378997      1.21887  0.003260956     21114.77
      8317.8  0.005904878      1.21937  0.002265439     21170.67
        8318   0.00630627     1.219687  0.001418821     21211.44
      8318.2   0.00660947     1.219898 0.0008380156     21242.19
      8318.4  0.006864733     1.220005 0.0004486386     21266.49
      8318.6  0.007102276     1.220041 0.0001751943     21286.48
      8318.8  0.007329112     1.220046 -5.735377e-07     21303.63
        8319   0.00753779     1.220038 -0.0001233419     21319.08
      8319.2  0.007726204     1.220005 -0.0001796189     21333.68
      8319.4  0.007903892     1.219942 -0.0001711754     21348.07
      8319.6  0.008063637     1.219902 -0.0001809645     21362.39
      8319.8  0.008200314     1.219901 -0.000195776     21376.52
        8320  0.008335156      1.21986 -0.000162706     21390.67
      8320.2  0.008462678     1.219785 -6.637545e-05     21405.07
      8320.4  0.008561407     1.219772 0.0001129526     21419.89
      8320.6  0.008637142     1.219848 0.0003387389     21435.23
      8320.8  0.008710926      1.21995 0.0005622092     21451.03
        8321  0.008793881     1.220056 0.0007714681     21467.28
      8321.2  0.008891358     1.220222  0.001001472     21484.07
      8321.4  0.009019891     1.220465  0.001243537     21501.17
      8321.6  0.009184967     1.220752  0.001429091     21517.89
      8321.8  0.009381603     1.221051  0.001508168     21533.54
        8322  0.009608308     1.221365  0.001502433     21547.65
      8322.2  0.009858896     1.221672  0.001439822     21559.75
      8322.4   0.01012203     1.221953  0.001295261     21569.54
      8322.6   0.01038633     1.222203  0.001139795     21577.01
      8322.8   0.01064229     1.222402  0.001047341     21582.32
        8323   0.01088239     1.222584 0.0009948732        21586
      8323.2   0.01111049     1.222791 0.0009931294     21588.66
      8323.4   0.01134078     1.222999  0.001032323     21590.66
      8323.6    0.0115783     1.223196  0.001059811     21592.35
      8323.8   0.01182576      1.22341  0.001039217     21593.89
        8324   0.01208706     1.223639 0.0009820215     21595.19
      8324.2   0.01235429      1.22383  0.000939135     21596.27
      8324.4   0.01262205     1.223982 0.0009483101     21597.19
      8324.6   0.01289743     1.224161  0.001042311     21598.02
      8324.8   0.01318796     1.224398  0.001217564     21598.85
        8325   0.01349131     1.224664  0.001427316     21599.63
      8325.2   0.01380712     1.224956  0.001597268     21600.32
      8325.4   0.01414049     1.225303  0.001737742     21601.03
      8325.6   0.01448525     1.225676  0.001884215     21601.69
      8325.8   0.01483886     1.226054  0.001994997     21602.27
        8326   0.01521233     1.226463  0.002086094     21602.84
      8326.2   0.01561599     1.226899  0.002210334      21603.4
      8326.4   0.01605207     1.227345   0.00239841     21603.89
      8326.6    0.0165182     1.227823  0.002650647      21604.3
      8326.8   0.01701351     1.228382   0.00297386     21604.68
        8327   0.01753777     1.229019  0.003362287     21604.94
      8327.2   0.01809523     1.229724  0.003768828     21605.15
      8327.4   0.01868879     1.230512  0.004222853     21605.41
      8327.6   0.01931314     1.231397  0.004775027     21605.55
      8327.8   0.01997116     1.232398  0.005435107     21605.67
        8328      0.02067     1.233544  0.006232502     21605.95
      8328.2   0.02141454     1.234861  0.007125372     21606.19
      8328.4   0.02222604     1.236383  0.008063182     21606.36
      8328.6   0.02311484     1.238098  0.009134668     21606.49
      8328.8   0.02407706     1.239994   0.01035958     21606.54
        8329   0.02513666     1.242168   0.01179863     21606.69
      8329.2   0.02632244     1.244671   0.01365642     21606.96
      8329.4   0.02765063     1.247537    0.0158964     21607.17
      8329.6   0.02914367     1.250919    0.0184434     21607.27
      8329.8   0.03083784     1.254885   0.02142067     21607.36
        8330   0.03278226     1.259425   0.02505671     21607.51
      8330.2   0.03504505     1.264673   0.02969375     21607.64
      8330.4   0.03772668     1.270965   0.03556191      21607.8
      8330.6   0.04095031      1.27864   0.04260964     21607.92
      8330.8   0.04484442     1.287875   0.05062302      21607.9
        8331   0.04952785     1.298761   0.05955816     21607.91
      8331.2   0.05509814     1.311463   0.06960313     21607.91
      8331.4   0.06170923     1.326287   0.08080106     21607.83
      8331.6   0.06959426     1.343557   0.09264826     21607.72
      8331.8   0.07891463     1.363402    0.1041989     21607.48
        8332   0.08964933     1.385582    0.1145996     21607.13
      8332.2    0.1016508     1.409646    0.1232696     21606.83
      8332.4    0.1147659     1.435237    0.1299328     21606.44
      8332.6    0.1287936     1.462018    0.1344879     21605.81
      8332.8    0.1434253     1.489528    0.1368408     21605.01
        8333    0.1582932     1.517236    0.1371757     21604.13
      8333.2    0.1730705      1.54471    0.1359229     21603.19
      8333.4    0.1875305     1.571758     0.133299     21602.16
      8333.6    0.2014953     1.598266    0.1292423     21601.03
      8333.8    0.2147649     1.623876    0.1237633     21599.85
        8334    0.2271858     1.648103    0.1172842     21598.58
      8334.2    0.2387724     1.670769    0.1104775     21597.18
      8334.4    0.2496869     1.692094    0.1036887     21595.83
      8334.6    0.2600622     1.712258    0.0966771     21594.64
      8334.8    0.2698567     1.731054   0.08902545     21593.45
        8335    0.2789342      1.74811   0.08081881     21592.12
      8335.2    0.2872595     1.763314   0.07275069      21590.9
      8335.4    0.2949456     1.776913   0.06552943     21590.02
      8335.6    0.3021224     1.789255   0.05927232     21589.34
      8335.8    0.3088162     1.800534   0.05367793     21588.76
        8336     0.314982     1.810732    0.0486547     21588.37
      8336.2    0.3206109     1.819855    0.0445101     21588.21
      8336.4    0.3258028     1.828179    0.0416752     21588.15
      8336.6    0.3307469     1.836142   0.04027451     21588.14
      8336.8    0.3356144     1.844072   0.04005657     21588.26
        8337    0.3404827     1.852075   0.04065874     21588.45
      8337.2    0.3453924     1.860224   0.04187089     21588.53
      8337.4    0.3504224     1.868669   0.04367831     21588.51
      8337.6    0.3556929     1.877569   0.04615169     21588.56
      8337.8    0.3612976     1.887017   0.04912989     21588.65
        8338     0.367279     1.897145    0.0522589     21588.67
      8338.2    0.3736654     1.907973   0.05545947     21588.55
      8338.4    0.3804824     1.919376   0.05840851     21588.31
      8338.6    0.3877226     1.931385   0.06056542     21588.07
      8338.8    0.3953602     1.943872    0.0617863     21587.85
        8339    0.4033382     1.956425   0.06200244     21587.55
      8339.2    0.4115805     1.968805   0.06158328     21587.16
      8339.4    0.4200523     1.980987   0.06122108     21586.72
      8339.6    0.4287818     1.993139   0.06080407     21586.24
      8339.8    0.4377831     2.005402   0.05995518     21585.74
        8340    0.4469689     2.017448   0.05876906     21585.36
      8340.2    0.4562202     2.028951   0.05755808     21585.07
      8340.4    0.4655449     2.040154    0.0569025     21584.67
      8340.6    0.4750958     2.051449   0.05715394     21584.25
      8340.8    0.4850178      2.06297   0.05815893     21583.91
        8341    0.4952897     2.074674    0.0596704     21583.63
      8341.2    0.5057787     2.086681   0.06174326     21583.41
      8341.4    0.5164311     2.099185   0.06460969     21583.21
      8341.6    0.5273823     2.112365   0.06815513     21582.98
      8341.8    0.5388364     2.126362    0.0721136      21582.8
        8342    0.5508676     2.141205   0.07623685     21582.75
      8342.2    0.5633471     2.156876   0.08031382     21582.66
      8342.4    0.5760927     2.173354   0.08450338     21582.36
      8342.6    0.5890662     2.190613    0.0890676     21582.23
      8342.8    0.6023742     2.208808   0.09384869     21582.13
        8343    0.6161353      2.22813   0.09840863     21581.72
      8343.2    0.6303306     2.248433    0.1024424     21581.27
      8343.4    0.6447751      2.26934    0.1060004     21580.94
      8343.6    0.6593488     2.290762    0.1091037      21580.7
      8343.8    0.6741056      2.31293    0.1117979     21580.56
        8344    0.6890516     2.335716    0.1142476     21580.27
      8344.2    0.7041729     2.358778    0.1165872     21579.97
      8344.4    0.7195158      2.38216     0.118681     21579.93
      8344.6    0.7351404       2.4062    0.1203441     21579.89
      8344.8    0.7510792     2.430661    0.1215814     21579.76
        8345    0.7672973     2.455053    0.1219251     21579.68
      8345.2     0.783691     2.479425    0.1215917     21579.65
      8345.4     0.800139      2.50374    0.1215021     21579.68
      8345.6    0.8166092     2.527934    0.1218569     21579.75
      8345.8    0.8331682     2.552255     0.122173     21579.69
        8346     0.849818     2.576911    0.1215413     21579.52
      8346.2     0.866332     2.601479    0.1193809     21579.44
      8346.4    0.8823562     2.625167    0.1159734     21579.48
      8346.6    0.8977269      2.64776    0.1120994     21579.31
      8346.8      0.91258     2.669689    0.1080436     21578.99
        8347    0.9270828     2.691158    0.1033792      21578.8
      8347.2    0.9411115     2.711602   0.09750345      21578.6
      8347.4    0.9543497     2.730463   0.09050873     21578.16
      8347.6    0.9665871     2.747692   0.08326902     21577.63
      8347.8    0.9778811     2.763565   0.07639752     21577.28
        8348      0.98839     2.778217    0.0693983     21576.92
      8348.2    0.9981991     2.791581    0.0613493     21576.44
      8348.4     1.007261     2.803211   0.05272065      21575.9
      8348.6     1.015537     2.812644   0.04404825     21575.28
      8348.8     1.023163     2.820394   0.03537482     21574.65
        8349     1.030352      2.82682   0.02775029     21573.99
      8349.2     1.037251     2.831511    0.0212434     21573.08
      8349.4        1.044     2.834845   0.01524696     21571.98
      8349.6     1.050736     2.837389  0.009817121     21570.83
      8349.8     1.057574     2.839017  0.004420487     21569.63
        8350     1.064592     2.839364 -0.001126781     21568.21
      8350.2     1.071775     2.838381 -0.006175202     21566.55
      8350.4     1.079018     2.836487  -0.01032813     21564.87
      8350.6     1.086175     2.834077  -0.01354986     21563.31
      8350.8     1.093104     2.831102   -0.0161758     21561.85
        8351     1.099606     2.827541  -0.01902586     21560.31
      8351.2      1.10537     2.823547  -0.02233258     21558.67
      8351.4     1.110022     2.818857  -0.02561912     21557.02
      8351.6     1.113257     2.813236  -0.02818822     21555.47
      8351.8     1.114907     2.807046  -0.02923375     21553.97
        8352     1.114867     2.800996  -0.02833871     21552.38
      8352.2     1.113049      2.79547  -0.02574647     21550.75
      8352.4     1.109511     2.790565   -0.0222715     21549.18
      8352.6     1.104535     2.786449  -0.01851564     21547.63
      8352.8     1.098442     2.783179  -0.01459341     21546.07
        8353     1.091504     2.780657  -0.01033474     21544.55
      8353.2      1.08397      2.77889 -0.005460096     21543.09
      8353.4     1.076158     2.778181 4.358188e-05     21541.64
      8353.6     1.068505     2.778811  0.005799622     21540.37
      8353.8      1.06143     2.780692   0.01135089     21539.46
        8354     1.055152      2.78353   0.01627446     21538.81
      8354.2     1.049732     2.787262   0.02044796     21538.34
      8354.4     1.045179      2.79183   0.02428931     21538.08
      8354.6     1.041536      2.79705   0.02752524     21538.05
      8354.8     1.038851     2.802961   0.03012803     21538.35
        8355     1.037069     2.809282   0.03318985     21538.87
      8355.2     1.036037     2.815933   0.03586392     21539.35
      8355.4     1.035619     2.823602   0.03725545      21539.8
      8355.6      1.03569     2.831652   0.03812495     21540.25
      8355.8     1.036124     2.839086   0.03774079     21540.68
        8356     1.036799     2.846433   0.03640211     21541.14
      8356.2     1.037596     2.853795   0.03514518      21541.7
      8356.4     1.038388     2.860774   0.03294575     21542.32
      8356.6     1.039056     2.867202   0.02960777     21542.88
      8356.8     1.039495     2.872789   0.02613741     21543.34
        8357     1.039597     2.877481   0.02307239     21543.79
      8357.2     1.039266     2.881684   0.02008171     21544.29
      8357.4     1.038434      2.88566   0.01655465     21544.69
      8357.6     1.037053     2.888855    0.0124456     21544.93
      8357.8     1.035116     2.890725  0.007889992     21545.07
        8358     1.032651      2.89164  0.003340833     21545.14
      8358.2     1.029652     2.891972 -0.0007627113     21545.24
      8358.4     1.026093     2.891527 -0.004307877     21545.33
      8358.6     1.022016     2.890115 -0.007472678      21545.3
      8358.8     1.017581     2.888194  -0.01039079     21545.25
        8359     1.012963     2.885994  -0.01296101     21545.26
      8359.2     1.008241     2.883215  -0.01556807     21545.31
      8359.4     1.003433     2.879746  -0.01795339     21545.42
      8359.6    0.9985928      2.87574  -0.01932296     21545.54
      8359.8    0.9938638     2.871631   -0.0199134     21545.64
        8360    0.9894086     2.867756  -0.02028397     21545.85
      8360.2    0.9852853     2.863815  -0.02056789     21546.17
      8360.4    0.9814639     2.859512   -0.0205929     21546.42
      8360.6    0.9779296     2.855177  -0.01994259     21546.56
      8360.8    0.9747153     2.851282  -0.01850812     21546.75
        8361     0.971831     2.847861  -0.01671125     21547.03
      8361.2    0.9692446     2.844706  -0.01544041     21547.37
      8361.4    0.9669287     2.841808  -0.01520039     21547.83
      8361.6    0.9648588      2.83893  -0.01578298     21548.27
      8361.8    0.9630125     2.835701  -0.01680247     21548.54
        8362    0.9613686      2.83208  -0.01755925     21548.72
      8362.2    0.9598968     2.828366   -0.0176656     21548.94
      8362.4    0.9585618     2.824882   -0.0175186     21549.26
      8362.6    0.9573495     2.821568  -0.01757745     21549.63
      8362.8    0.9562722     2.818065   -0.0181363     21549.99
        8363     0.955318     2.814304  -0.01925636     21550.23
      8363.2    0.9544653     2.810373  -0.02023332     21550.36
      8363.4    0.9537151     2.806163  -0.02084371     21550.59
      8363.6    0.9530425     2.801878  -0.02161945     21550.94
      8363.8    0.9524397     2.797629  -0.02261141     21551.29
        8364    0.9519427     2.793078   -0.0238378     21551.59
      8364.2     0.951556     2.788074   -0.0247558     21551.88
      8364.4    0.9512467     2.782808  -0.02423169     21552.13
      8364.6    0.9509969     2.777825  -0.02258542     21552.34
      8364.8    0.9508262     2.773692  -0.02073409     21552.69
        8365    0.9507407     2.770006  -0.01894184     21553.12
      8365.2    0.9507268      2.76622  -0.01805432     21553.44
      8365.4    0.9507833     2.762671  -0.01788545     21553.73
      8365.6    0.9509023     2.759249  -0.01740754     21554.13
      8365.8    0.9510662     2.755697  -0.01682172     21554.63
        8366    0.9512568     2.752294  -0.01608874     21555.07
      8366.2    0.9514614     2.749214  -0.01481425     21555.48
      8366.4    0.9516845     2.746378  -0.01299721     21555.87
      8366.6    0.9519232     2.743846  -0.01110212     21556.18
      8366.8    0.9521421     2.741897 -0.009349694     21556.43
        8367    0.9523186     2.740332 -0.007741217     21556.71
      8367.2    0.9524528     2.738898 -0.007423233     21556.98
      8367.4    0.9525419     2.737653 -0.008068272     21557.17
      8367.6    0.9525861     2.735958 -0.007993909     21557.38
      8367.8    0.9525855     2.733877 -0.007456197     21557.67
        8368    0.9525314     2.732503 -0.006502483     21557.89
      8368.2    0.9524136     2.731688 -0.005233969     21558.02
      8368.4    0.9522446     2.730756 -0.004673038      21558.2
      8368.6    0.9520369      2.72969 -0.004625788     21558.54
      8368.8    0.9517749     2.728765 -0.004349715     21558.88
        8369    0.9514764     2.727987 -0.003617404     21559.13
      8369.2    0.9511796     2.727276 -0.002776959     21559.39
      8369.4    0.9508894     2.726796 -0.001890861     21559.69
      8369.6     0.950605     2.726543 -0.000867579     21559.92
      8369.8    0.9503406     2.726475 -0.0001607734     21560.02
        8370    0.9501247     2.726582 0.0005707581     21560.16
      8370.2    0.9499841     2.726668  0.002002571      21560.5
      8370.4    0.9499232        2.727  0.003822581     21560.87
      8370.6    0.9499463     2.728077  0.005542851     21561.03
      8370.8    0.9500854      2.72964  0.006643818     21561.13
        8371    0.9503505     2.731102  0.006989426     21561.24
      8371.2    0.9507277     2.732315  0.007288667     21561.33
      8371.4     0.951217     2.733668  0.008252146     21561.51
      8371.6    0.9518257     2.735471  0.009757039     21561.72
      8371.8    0.9525642     2.737704   0.01099929     21561.82
        8372     0.953432      2.74012   0.01182785     21561.82
      8372.2    0.9544092     2.742468   0.01272931     21561.82
      8372.4     0.955497     2.744934   0.01386823     21561.86
      8372.6    0.9567044     2.747887   0.01520649      21561.9
      8372.8    0.9580075     2.751215    0.0164553     21561.89
        8373    0.9594049     2.754633   0.01739481     21561.93
      8373.2    0.9608994     2.758098   0.01835502      21562.1
      8373.4     0.962465     2.761803   0.01961374     21562.28
      8373.6    0.9641106     2.765899   0.02119617     21562.36
      8373.8    0.9658534     2.770324    0.0230386     21562.41
        8374    0.9676803     2.775055   0.02411647     21562.53
      8374.2    0.9695792     2.780234   0.02375639     21562.61
      8374.4     0.971529     2.785192    0.0232393     21562.63
      8374.6     0.973521     2.789329    0.0231994     21562.66
      8374.8    0.9755882     2.793646   0.02359828     21562.73
        8375    0.9777473     2.798793   0.02440871     21562.87
      8375.2    0.9799803     2.804071   0.02507565     21563.06
      8375.4    0.9822612     2.808856   0.02528278      21563.2
      8375.6    0.9845602     2.813707   0.02525149     21563.34
      8375.8    0.9868963      2.81902   0.02597202     21563.55
        8376     0.989329     2.824272   0.02725016     21563.75
      8376.2    0.9918633     2.829633   0.02826666      21563.9
      8376.4     0.994453     2.835507   0.02903933     21564.11
      8376.6    0.9970634     2.841633   0.02950271      21564.4
      8376.8    0.9997017     2.847503   0.02938917     21564.61
        8377      1.00239     2.853236   0.02857987     21564.77
      8377.2     1.005137     2.859018    0.0280225     21564.94
      8377.4     1.007923     2.864497   0.02748641     21565.02
      8377.6     1.010703     2.869921    0.0260808     21565.18
      8377.8     1.013453     2.875225   0.02529061     21565.51
        8378     1.016185     2.879883   0.02518844     21565.75
      8378.2     1.018884     2.884729   0.02503256     21565.92
      8378.4     1.021524     2.890072   0.02582811      21566.1
      8378.6     1.024099     2.895251   0.02622842     21566.22
      8378.8     1.026623     2.900545   0.02528217     21566.33
        8379     1.029087     2.905712   0.02452242     21566.44
      8379.2     1.031475     2.910298   0.02361163     21566.57
      8379.4     1.033783     2.914869   0.02226508     21566.84
      8379.6     1.035983     2.919435   0.02119822     21567.08
      8379.8     1.038051     2.923524   0.02020187     21567.12
        8380     1.040006     2.927256    0.0189176     21567.16
      8380.2     1.041872      2.93103   0.01730347     21567.39
      8380.4      1.04363     2.934569   0.01575851     21567.69
      8380.6     1.045232     2.937367   0.01400141     21567.85
      8380.8     1.046659     2.939863   0.01217623     21568.02
        8381     1.047925     2.942231   0.01132189      21568.3
      8381.2      1.04905      2.94431   0.01076857     21568.44
      8381.4     1.050034     2.946424  0.009786345     21568.36
      8381.6     1.050874     2.948478  0.008414959     21568.27
      8381.8     1.051551      2.95006  0.006143086     21568.28
        8382     1.052039     2.951042  0.003303805     21568.17
      8382.2      1.05235     2.951339  0.000765895     21568.01
      8382.4     1.052515     2.951121  -0.00137332     21567.88
      8382.6     1.052536     2.950673  -0.00296064      21567.7
      8382.8     1.052396     2.949943 -0.004202088     21567.49
        8383     1.052099      2.94897 -0.005936823     21567.23
      8383.2     1.051665      2.94776 -0.008181603     21566.93
      8383.4     1.051101     2.945924  -0.01043361     21566.74
      8383.6     1.050411     2.943398  -0.01220043     21566.68
      8383.8     1.049607     2.940623  -0.01309702      21566.6
        8384     1.048685     2.937999  -0.01391267     21566.45
      8384.2     1.047634     2.935446  -0.01553218     21566.26
      8384.4     1.046466     2.932268  -0.01725737     21566.07
      8384.6     1.045218     2.928198  -0.01872939     21565.93
      8384.8     1.043894     2.924193  -0.01982889     21565.69
        8385     1.042484     2.920463   -0.0199666     21565.27
      8385.2     1.040987     2.916404  -0.02061354      21564.8
      8385.4     1.039417     2.912224  -0.02238221      21564.4
      8385.6     1.037797     2.907702  -0.02376584     21564.06
      8385.8     1.036149     2.902557  -0.02456511      21563.7
        8386     1.034488     2.897392  -0.02497078     21563.39
      8386.2      1.03282     2.892572  -0.02516401     21563.18
      8386.4     1.031117     2.887726  -0.02568845        21563
      8386.6     1.029357     2.882426  -0.02705023      21562.8
      8386.8     1.027596     2.876841   -0.0291667     21562.59
        8387     1.025892     2.870932  -0.03102276     21562.34
      8387.2     1.024228     2.864392  -0.03189114        21562
      8387.4     1.022565     2.857607  -0.03167673     21561.71
      8387.6     1.020884     2.851328  -0.03096758     21561.44
      8387.8     1.019211     2.845591  -0.03044216     21561.06
        8388     1.017597     2.839618  -0.03020143     21560.66
      8388.2     1.016057     2.833254  -0.02999838     21560.37
      8388.4     1.014562     2.827167  -0.02983275     21560.18
      8388.6     1.013089     2.821592  -0.02941419     21559.95
      8388.8     1.011649     2.815752  -0.02832223     21559.75
        8389     1.010256     2.809722  -0.02709783     21559.56
      8389.2     1.008914     2.804509  -0.02555278      21559.3
      8389.4     1.007634     2.799914  -0.02394177     21559.17
      8389.6     1.006414      2.79531  -0.02325617     21559.21
      8389.8      1.00524     2.790569  -0.02293497     21559.18
        8390     1.004105     2.785904  -0.02237827     21558.98
      8390.2     1.003004     2.781566  -0.02190805     21558.74
      8390.4     1.001931     2.777407  -0.02169927     21558.56
      8390.6     1.000892     2.773042  -0.02165908     21558.33
      8390.8     0.999896     2.768545  -0.02153259     21558.01
        8391    0.9989472     2.764239  -0.02102155     21557.74
      8391.2     0.998039     2.760181  -0.02024095     21557.65
      8391.4    0.9971678     2.756225  -0.01957385     21557.67
      8391.6    0.9963059     2.752352  -0.01929685     21557.56
      8391.8    0.9954488     2.748579  -0.01907742     21557.25
        8392    0.9946528     2.744744  -0.01864134     21557.02
      8392.2    0.9939212     2.740963  -0.01807009     21556.95
      8392.4     0.993216     2.737439  -0.01707427     21556.92
      8392.6    0.9925365     2.734123  -0.01619895     21556.91
      8392.8    0.9918793     2.731084  -0.01614867     21556.87
        8393    0.9912534     2.728004  -0.01596701     21556.79
      8393.2    0.9906863      2.72452  -0.01535486      21556.8
      8393.4    0.9901793      2.72135  -0.01461475     21556.89
      8393.6    0.9897255       2.7188  -0.01325371     21557.02
      8393.8      0.98932     2.716312  -0.01175765     21557.12
        8394    0.9889485     2.713917  -0.01056258     21557.15
      8394.2    0.9886193     2.711944   -0.0095481     21557.26
      8394.4    0.9883486      2.71035 -0.009165435     21557.46
      8394.6    0.9881249     2.708674 -0.009197478     21557.52
      8394.8    0.9879343     2.706585  -0.00874319      21557.5
        8395    0.9877659     2.704586 -0.007884691     21557.56
      8395.2    0.9876112     2.703356 -0.006670753     21557.62
      8395.4    0.9874752     2.702366  -0.00498987     21557.72
      8395.6    0.9873567     2.701248 -0.003588972     21557.78
      8395.8    0.9872349     2.700594  -0.00255702     21557.68
        8396     0.987093     2.700485 -0.001946706      21557.7
      8396.2    0.9869407      2.70032 -0.002038915      21557.9
      8396.4    0.9867794     2.699691 -0.002388156     21557.97
      8396.6    0.9865697     2.698963 -0.002425488      21557.8
      8396.8    0.9862933     2.698574 -0.002156373     21557.53
        8397    0.9859693      2.69838 -0.001872605     21557.28
      8397.2     0.985615     2.697966 -0.001514019     21557.13
      8397.4    0.9852312     2.697465 -0.0008339618     21557.08
      8397.6     0.984806     2.697363 0.0001024782     21556.95
      8397.8    0.9843278     2.697713 0.0008851926     21556.64
        8398    0.9837936     2.698048  0.000982209     21556.43
      8398.2    0.9832146     2.698173 -5.055985e-05     21556.47
      8398.4    0.9826112     2.698149 -0.001433233     21556.55
      8398.6    0.9819905     2.697672 -0.002339456     21556.54
      8398.8    0.9813278     2.696901 -0.002906451      21556.5
        8399    0.9805994     2.696301 -0.002987247     21556.53
      8399.2    0.9798233     2.695824 -0.002866161     21556.52
      8399.4    0.9790314     2.695283 -0.003111439      21556.4
      8399.6     0.978242     2.694608 -0.003542643      21556.2
      8399.8    0.9774594     2.693812 -0.003561562     21556.08
        8400    0.9766886     2.692989  -0.00301145     21556.13
      8400.2     0.975918     2.692433 -0.002569607     21556.22
      8400.4    0.9751418     2.692199  -0.00227753     21556.18
      8400.6    0.9743988     2.691756 -0.002119737     21556.17
      8400.8    0.9737044     2.691167 -0.002837542     21556.24
        8401    0.9730442     2.690738 -0.003717032     21556.26
      8401.2    0.9724317     2.689929 -0.004169016     21556.24
      8401.4    0.9718773     2.688783 -0.004617618     21556.28
      8401.6    0.9713666     2.687832 -0.004547259     21556.36
      8401.8    0.9708826     2.687044 -0.003919866     21556.41
        8402    0.9704352     2.686291 -0.003443574     21556.44
      8402.2    0.9700466     2.685647 -0.003535657     21556.53
      8402.4    0.9697214     2.685077 -0.003855449     21556.69
      8402.6    0.9694479     2.684215 -0.003915266     21556.77
      8402.8    0.9692231     2.683207 -0.003961039     21556.76
        8403    0.9690602     2.682515 -0.003448186     21556.82
      8403.2    0.9689685     2.681909 -0.002190796     21556.89
      8403.4    0.9689495     2.681456 -0.001125953     21556.93
      8403.6    0.9689984     2.681454 -0.0001084594     21557.01
      8403.8    0.9691074     2.681614 0.0006666483     21557.11
        8404     0.969274     2.681822  0.000407231     21557.22
      8404.2    0.9695025      2.68199 -0.0003112108     21557.36
      8404.4    0.9697974      2.68178 -0.000575137     21557.53
      8404.6    0.9701563     2.681365 6.046268e-05     21557.69
      8404.8    0.9705815     2.681362  0.001440763     21557.76
        8405    0.9710754     2.682038   0.00264287     21557.79
      8405.2    0.9716217     2.682933  0.002971514     21557.85
      8405.4    0.9722189     2.683479  0.002751199     21557.93
      8405.6    0.9728724     2.683739  0.002888874     21557.94
      8405.8    0.9735595     2.684239  0.003851366     21557.78
        8406      0.97427     2.685244  0.005283807      21557.7
      8406.2    0.9750089      2.68656  0.006357386     21557.86
      8406.4    0.9757655     2.687966  0.006493734     21557.95
      8406.6    0.9765268     2.689325  0.005894865     21557.85
      8406.8     0.977288     2.690439  0.005546778     21557.74
        8407     0.978052     2.691276  0.005689914     21557.76
      8407.2    0.9788248     2.692403  0.005843708     21557.87
      8407.4    0.9796116     2.693877  0.006172224     21558.02
      8407.6    0.9804057     2.695114  0.006151674     21558.16
      8407.8     0.981187     2.696214  0.005643354     21558.25
        8408    0.9819528     2.697325  0.005766495     21558.27
      8408.2    0.9827124     2.698392  0.006708657     21558.31
      8408.4    0.9834576     2.699727  0.007712893     21558.46
      8408.6    0.9841851     2.701581  0.007899996     21558.68
      8408.8    0.9849006     2.703495  0.007161672     21558.83
        8409    0.9856037     2.704712  0.005946701     21558.82
      8409.2    0.9862952     2.705456   0.00480558     21558.79
      8409.4    0.9869808     2.706338  0.004474299     21558.87
      8409.6    0.9876712     2.707339  0.004468152     21558.93
      8409.8    0.9883757     2.708291  0.004138223     21558.95
        8410    0.9890894     2.709031  0.004069928     21558.99
      8410.2    0.9898057     2.709649  0.004495087     21559.15
      8410.4    0.9905401     2.710595  0.005164477      21559.4
      8410.6    0.9913041     2.711887  0.005854687     21559.61
      8410.8    0.9920854     2.713162  0.005707061     21559.74
        8411    0.9928659     2.714333   0.00485766     21559.87
      8411.2    0.9936449     2.715161  0.004517069     21559.95
      8411.4    0.9944422     2.715773  0.004486827     21559.97
      8411.6    0.9952715     2.716776   0.00482632     21560.07
      8411.8    0.9961231     2.717922   0.00572334     21560.15
        8412    0.9969859     2.719022  0.005564898     21560.06
      8412.2    0.9978672     2.720352  0.004564367     21559.91
      8412.4    0.9987704     2.721228  0.004078039     21559.85
      8412.6    0.9996851     2.721573  0.003798064     21559.82
      8412.8     1.000601     2.722285  0.004350146     21559.76
        8413     1.001521      2.72339  0.005744689     21559.79
      8413.2     1.002441     2.724708  0.006513416     21559.84
      8413.4     1.003358     2.726169  0.006790837     21559.74
      8413.6     1.004292     2.727495  0.007400643      21559.6
      8413.8     1.005244     2.728823  0.008386877     21559.54
        8414     1.006197     2.730628  0.009119752      21559.6
      8414.2     1.007153     2.732879  0.009147709     21559.78
      8414.4     1.008124     2.734791  0.008723471      21559.9
      8414.6      1.00911     2.736141  0.007999679     21559.88
      8414.8      1.01009     2.737607  0.008006089     21559.84
        8415     1.011058     2.739278  0.009143294     21559.73
      8415.2     1.012017     2.741196  0.009865094     21559.59
      8415.4     1.012974     2.743456  0.009965931     21559.56
      8415.6     1.013932     2.745499   0.01004256     21559.57
      8415.8     1.014874     2.747251   0.01007027     21559.44
        8416     1.015794      2.74923   0.01049896     21559.17
      8416.2     1.016717     2.751512   0.01126088     21559.03
      8416.4     1.017649     2.753898   0.01159463     21559.16
      8416.6     1.018571      2.75626   0.01105203     21559.39
      8416.8     1.019481     2.758506    0.0100969     21559.54
        8417     1.020391     2.760354  0.009689458     21559.66
      8417.2     1.021303     2.761976  0.009908578     21559.86
      8417.4     1.022204     2.764011    0.0103209      21560.1
      8417.6     1.023094     2.766433   0.01041833     21560.34
      8417.8     1.023975      2.76861    0.0100559     21560.55
        8418     1.024847     2.770311  0.009392107     21560.69
      8418.2      1.02571     2.772056  0.008847471     21560.79
      8418.4     1.026572     2.773946  0.009039787     21560.87
      8418.6     1.027435     2.775688  0.009502178     21560.92
      8418.8     1.028298     2.777542  0.009601549     21560.86
        8419     1.029167     2.779658  0.009309028     21560.79
      8419.2     1.030048     2.781627   0.00903918     21560.86
      8419.4     1.030936     2.783136  0.008962421     21560.98
      8419.6     1.031821     2.784774  0.008795173     21560.96
      8419.8     1.032718     2.786828  0.008829511     21560.81
        8420     1.033653     2.788664  0.008612335     21560.71
      8420.2     1.034599     2.790199  0.007841809     21560.72
      8420.4      1.03554     2.791664  0.007425795     21560.78
      8420.6     1.036499     2.793101   0.00754674     21560.87
      8420.8     1.037478     2.794604  0.008167853     21561.05
        8421     1.038471     2.796237  0.009480695     21561.26
      8421.2     1.039476     2.798198   0.01049075     21561.33
      8421.4     1.040492     2.800686   0.01051675     21561.28
      8421.6     1.041522     2.802997    0.0102841      21561.3
      8421.8     1.042566      2.80465  0.009999243     21561.44
        8422     1.043621     2.806425   0.01002381     21561.42
      8422.2     1.044691     2.808685    0.0105726     21561.25
      8422.4      1.04578     2.811016   0.01097826     21561.13
      8422.6     1.046882     2.813108   0.01128091     21561.13
      8422.8     1.047986     2.815208    0.0119809     21561.08
        8423     1.049093      2.81771    0.0130187     21560.93
      8423.2     1.050213     2.820601   0.01370651     21560.87
      8423.4      1.05135     2.823523   0.01358974     21560.99
      8423.6     1.052494     2.826173   0.01290098     21561.16
      8423.8     1.053627     2.828582   0.01201774     21561.25
        8424     1.054737     2.830921   0.01123138     21561.21
      8424.2     1.055827     2.833137   0.01073729     21561.13
      8424.4      1.05691     2.835158   0.01037602     21561.16
      8424.6     1.057998     2.837172   0.01024611     21561.35
      8424.8      1.05907     2.839222   0.01063673     21561.56
        8425     1.060114     2.841334   0.01130612     21561.68
      8425.2     1.061145     2.843668   0.01218852     21561.73
      8425.4     1.062166     2.846217   0.01313388     21561.79
      8425.6      1.06317     2.848973   0.01338576     21561.88
      8425.8     1.064156     2.851841   0.01294952     21561.99
        8426     1.065131     2.854376   0.01245559     21562.14
      8426.2     1.066093     2.856576   0.01213705     21562.28
      8426.4     1.067028     2.858937   0.01210758     21562.37
      8426.6     1.067923     2.861551   0.01197227     21562.46
      8426.8     1.068778     2.864062   0.01138789     21562.54
        8427     1.069594     2.866154   0.01108456     21562.62
      8427.2     1.070364     2.868048   0.01159146     21562.74
      8427.4     1.071099     2.870419   0.01235768     21562.92
      8427.6     1.071802     2.873335   0.01287749     21563.14
      8427.8      1.07245      2.87604   0.01259513     21563.42
        8428     1.073029      2.87835   0.01131385     21563.65
      8428.2     1.073553     2.880495  0.009711548     21563.75
      8428.4     1.074033     2.882386  0.008232311     21563.79
      8428.6     1.074458     2.883809  0.007462677     21563.88
      8428.8     1.074813     2.884936  0.008050896        21564
        8429     1.075099     2.886465  0.009085734     21564.09
      8429.2     1.075321     2.888827  0.009133376     21564.21
      8429.4     1.075466     2.891078  0.008321104     21564.29
      8429.6     1.075534     2.892242  0.007230774     21564.23
      8429.8     1.075545     2.893122  0.006600377      21564.1
        8430     1.075507     2.894612  0.006635398     21564.12
      8430.2     1.075418     2.896358  0.006733655     21564.29
      8430.4     1.075281     2.897551  0.006400508     21564.34
      8430.6     1.075071     2.898509   0.00535397     21564.15
      8430.8     1.074788     2.899732  0.003810701      21563.9
        8431     1.074474     2.900641  0.001955131     21563.82
      8431.2     1.074119     2.900599 0.0002982482     21563.84
      8431.4     1.073703     2.900073 -0.0008050995     21563.87
      8431.6      1.07323     2.899971 -0.001348141     21563.92
      8431.8     1.072695     2.899997  -0.00163458     21563.86
        8432     1.072106     2.899521 -0.001914109     21563.69
      8432.2     1.071473     2.898765 -0.001953655     21563.59
      8432.4     1.070789      2.89844 -0.001577936      21563.6
      8432.6     1.070051     2.898434 -0.001078944     21563.62
      8432.8     1.069264     2.898258 -0.002030815     21563.59
        8433      1.06844     2.897902 -0.004251406     21563.56
      8433.2     1.067592     2.896815 -0.005949077     21563.55
      8433.4     1.066706     2.895033 -0.007568776     21563.53
      8433.6     1.065757     2.893499 -0.008595118     21563.51
      8433.8     1.064743     2.891847 -0.008238214     21563.51
        8434     1.063692     2.889939 -0.008554666     21563.52
      8434.2     1.062626     2.888443 -0.009567442     21563.49
      8434.4     1.061539     2.886655  -0.01052852     21563.61
      8434.6     1.060418     2.884193  -0.01251277     21563.82
      8434.8     1.059265     2.881516  -0.01405703     21563.94
        8435      1.05809     2.878432  -0.01407587     21564.11
      8435.2       1.0569      2.87541    -0.014096     21564.34
      8435.4     1.055703     2.872932  -0.01377576     21564.47
      8435.6     1.054513     2.870239  -0.01308888     21564.48
      8435.8     1.053325     2.867412  -0.01320064     21564.34
        8436     1.052129     2.864939  -0.01333154     21564.11
      8436.2     1.050935     2.862372  -0.01361969     21563.97
      8436.4     1.049752     2.859574  -0.01482301      21563.8
      8436.6     1.048564     2.856516  -0.01562296     21563.47
      8436.8     1.047354      2.85308  -0.01563369     21563.14
        8437     1.046142     2.849873  -0.01563555     21562.96
      8437.2      1.04494     2.847067  -0.01560227      21562.9
      8437.4     1.043735     2.844008  -0.01579694     21562.81
      8437.6     1.042521     2.840598  -0.01616059     21562.58
      8437.8     1.041286     2.837236  -0.01610973     21562.34
        8438     1.040034     2.834139  -0.01567315     21562.28
      8438.2     1.038802      2.83112  -0.01510456     21562.41
      8438.4     1.037611      2.82806  -0.01455713     21562.59
      8438.6     1.036439     2.825152  -0.01438671     21562.72
      8438.8     1.035253     2.822493  -0.01484568     21562.71
        8439     1.034048     2.819611  -0.01569632     21562.69
      8439.2     1.032841     2.816183  -0.01679275     21562.79
      8439.4     1.031636     2.812595  -0.01754482      21562.9
      8439.6     1.030436     2.809059  -0.01760475     21562.86
      8439.8     1.029243     2.805575  -0.01771988     21562.71
        8440     1.028056       2.8021  -0.01780368      21562.6
      8440.2     1.026863     2.798419  -0.01736299     21562.49
      8440.4     1.025677     2.794816  -0.01700085     21562.38
      8440.6      1.02452     2.791684  -0.01682463     21562.35
      8440.8     1.023384     2.788499  -0.01683016     21562.33
        8441     1.022275     2.784959  -0.01749901     21562.36
      8441.2     1.021214     2.781352  -0.01818507     21562.49
      8441.4     1.020184     2.777685  -0.01809213     21562.61
      8441.6      1.01917     2.773951  -0.01720592     21562.68
      8441.8     1.018179     2.770486  -0.01626318     21562.82
        8442     1.017219     2.767587  -0.01594984     21563.05
      8442.2     1.016286     2.764675  -0.01622834     21563.21
      8442.4     1.015371     2.761191  -0.01706065     21563.28
      8442.6     1.014477     2.757503  -0.01753802     21563.44
      8442.8     1.013597     2.753938  -0.01694267     21563.71
        8443     1.012723     2.750644  -0.01614399     21563.86
      8443.2     1.011856     2.747637  -0.01568399     21563.78
      8443.4     1.011005     2.744588  -0.01545927     21563.65
      8443.6     1.010177     2.741391  -0.01550475     21563.61
      8443.8      1.00937     2.738277  -0.01552664     21563.58
        8444     1.008574     2.735233  -0.01530893     21563.67
      8444.2      1.00777     2.732167   -0.0149058     21563.72
      8444.4     1.006949     2.729144  -0.01412691     21563.56
      8444.6      1.00614     2.726352  -0.01326278     21563.39
      8444.8      1.00536     2.723931  -0.01298381      21563.4
        8445     1.004589     2.721556  -0.01283536     21563.51
      8445.2     1.003791     2.718757  -0.01247671     21563.63
      8445.4     1.002952     2.716084  -0.01228265     21563.74
      8445.6     1.002085      2.71395  -0.01165894     21563.83
      8445.8     1.001214      2.71173  -0.01088131     21563.86
        8446     1.000342      2.70943  -0.01063199      21563.8
      8446.2    0.9994535     2.707379  -0.01029565     21563.68
      8446.4    0.9985317     2.705445  -0.00969948     21563.51
      8446.6    0.9975751     2.703494   -0.0092189      21563.4
      8446.8    0.9965965      2.70167 -0.009220928     21563.36
        8447    0.9956038     2.700004 -0.009445363     21563.25
      8447.2    0.9945906     2.698068 -0.009619665        21563
      8447.4    0.9935636     2.695937  -0.01012154     21562.74
      8447.6    0.9925388     2.693974  -0.01043424     21562.59
      8447.8    0.9915104     2.691906  -0.01041405     21562.46
        8448    0.9904615      2.68972  -0.01075357     21562.38
      8448.2     0.989374     2.687606  -0.01109025     21562.35
      8448.4    0.9882409     2.685372  -0.01126968      21562.1
      8448.6    0.9870871     2.683034  -0.01157486     21561.79
      8448.8    0.9859361     2.680705  -0.01153288     21561.63
        8449    0.9847733     2.678346  -0.01140214     21561.45
      8449.2    0.9835729     2.676145  -0.01189754     21561.19
      8449.4    0.9823263     2.673912  -0.01251707        21561
      8449.6    0.9810531     2.671187  -0.01315297     21560.89
      8449.8    0.9797852     2.668333   -0.0138467      21560.8
        8450    0.9785407     2.665623   -0.0138132     21560.69
        8452    0.9658085     2.634769  -0.01601631     21560.65
        8454    0.9549991     2.602639  -0.01586427     21560.29
        8456    0.9489335     2.578079 -0.006994687     21559.46
        8458    0.9471396     2.561763   -0.0041988     21558.64
        8460    0.9499811     2.555697 -0.0006437874     21558.15
        8462     0.956487     2.560412  0.003552194     21557.82
        8464    0.9654529     2.572929  0.006821921     21557.67
        8466    0.9753674      2.59018  0.008683366     21556.61
        8468    0.9847417     2.610273  0.009032868      21555.5
        8470    0.9925788     2.629879  0.007884825     21555.59
        8472    0.9982924     2.645192  0.005419311     21555.82
        8474     1.002109     2.653259  0.002337612      21555.9
        8476     1.005137     2.653627 -0.0002428664     21556.42
        8478     1.008923     2.648579 -0.001362284     21556.47
        8480     1.014963     2.643249 -0.0002781223     21556.05
        8482     1.024091      2.64236  0.003204118     21555.91
        8484     1.035941     2.651402  0.008168821     21555.73
        8486     1.049075     2.674212   0.01280603     21555.17
        8488     1.061424     2.708599   0.01540266     21555.02
        8490       1.0711     2.744809   0.01519845     21555.18
        8492     1.077356     2.774623   0.01231847     21555.53
        8494     1.080628       2.7958  0.008159989     21555.88
        8496     1.081508     2.807147  0.004233263     21555.75
        8498     1.080036     2.810089 0.0006408457     21555.39
        8500       1.0759      2.80849 -0.002774083     21555.15
        8502     1.068867     2.800927 -0.006095764     21554.93
        8504     1.058841     2.784955 -0.009646444     21554.61
        8506     1.046145     2.761322  -0.01336454     21554.18
        8508     1.031422     2.731318  -0.01679265     21553.87
        8510     1.014988     2.694011  -0.01958893      21553.3
        8512    0.9978554     2.650613  -0.02169294     21552.35
        8514    0.9817983     2.604611  -0.02257694     21551.65
        8516    0.9680366     2.557774  -0.02171124      21551.4
        8518    0.9580194     2.513395  -0.01916921     21551.03
        8520    0.9525232     2.476923   -0.0149214     21550.87
        8522      0.95155     2.451257  -0.00936524     21551.04
        8524    0.9546149     2.438403 -0.003416461     21550.69
        8526      0.96069     2.438473  0.002179889      21549.9
        8528    0.9685625     2.449592  0.006570508     21549.38
        8530    0.9768487     2.468696   0.00945391     21549.51
        8532    0.9846345     2.490967   0.01064742     21549.27
        8534    0.9916082     2.514104    0.0103498     21549.05
        8536     0.997425     2.534771  0.009206209     21549.33
        8538     1.001879     2.551495  0.007122668     21549.21
        8540     1.004995     2.564617  0.004679316     21548.79
        8542     1.006899     2.571086  0.002342067     21547.84
        8544     1.007854     2.572206 7.691464e-05     21546.51
        8546     1.007999     2.570231 -0.001539601     21545.74
        8548     1.007508     2.565232 -0.002522132     21545.42
        8550     1.006522     2.558769 -0.003233553     21544.83
        8552     1.005112     2.552029 -0.003643331     21543.41
        8554     1.003581     2.544363  -0.00399407     21542.45
        8556     1.002409     2.536086 -0.004316807     21541.84
        8558     1.002232     2.526816 -0.004102385     21540.22
        8560     1.003731     2.517494 -0.003105463     21538.59
        8562     1.007164     2.511544 -0.001192504      21537.4
        8564      1.01231     2.511242  0.001477863     21536.58
        8566      1.01845     2.517276  0.004207828     21535.79
        8568     1.024666     2.529317  0.006284281     21535.53
        8570       1.0303     2.545206  0.007276339     21534.47
        8572     1.034886     2.561516  0.007184404     21533.49
        8574     1.038219     2.575487  0.006117042     21532.49
        8576     1.040259     2.586792  0.004564632     21531.74
        8578     1.040978     2.594143  0.002921864     21531.98
        8580     1.040339     2.598033 0.0009549578     21531.66
        8582      1.03816     2.598862 -0.001008413     21531.19
        8584     1.034502     2.594432   -0.0030087     21529.91
        8586     1.029607     2.586075 -0.005272313     21528.33
        8588     1.023715     2.573964 -0.007310125     21527.74
        8590     1.017287     2.556683 -0.009080211     21526.69
        8592      1.01078     2.535951  -0.01044853     21525.46
        8594     1.004293     2.513434  -0.01112055     21524.73
        8596    0.9982717     2.490375  -0.01121545     21523.64
        8598    0.9932345     2.467719  -0.01060316     21522.01
        8600    0.9891487     2.446227 -0.009402925     21520.02
        8602    0.9862205     2.428608 -0.007932379     21518.77
        8604     0.984424     2.415152 -0.006193944     21517.94
        8606    0.9833036      2.40426 -0.004484213     21516.55
        8608     0.982728     2.396676 -0.003051645      21515.5
        8610    0.9826054     2.392735 -0.001882899     21513.78
        8612    0.9826372     2.390739 -0.001117879     21511.71
        8614    0.9827672     2.389197 -0.0008098967     21510.41
        8616    0.9830326     2.387733 -0.0007554401     21507.83
        8618    0.9833745     2.386256 -0.0006427588     21501.96
        8620    0.9838498     2.384695 -0.0008620088     21487.62
        8622    0.9852648     2.384055 -0.001222869     21321.33
        8624    0.9854091     2.380837 -0.0009522895     21047.42
        8626    0.9851503     2.376473 -0.0008837181     21188.14
        8628    0.9874557     2.377077 -0.0004310352     21497.92
        8630    0.9891085     2.376985 0.0003167857     21507.17
        8632    0.9908124     2.377388 0.0005234268     21507.27
        8634       0.9926     2.379007 0.0009371246     21506.49
        8636    0.9943427     2.381264  0.001255307     21505.89
        8638    0.9959673     2.384482  0.001300557     21504.62
        8640    0.9974821     2.387431    0.0012377     21503.21
        8642    0.9988611     2.389411   0.00100592     21502.51
        8644     1.000144     2.391166 0.0006933452     21501.68
        8646     1.001467     2.392529  0.000417347     21499.63
        8648     1.002852     2.392978 0.0002236641     21497.82
        8650     1.004299      2.39275  7.30542e-05     21496.83
        8652     1.005745     2.392955   8.1002e-05     21495.45
        8654     1.007166     2.393114 0.0001937794     21494.86
        8656     1.008624     2.393626 0.0003206738     21493.93
        8658      1.01009       2.3943 0.0005141776     21492.93
        8660     1.011382     2.395521 0.0006514216     21491.71
        8662     1.012345     2.397227 0.0007378589     21490.33
        8664     1.012967     2.398837 0.0006081833     21489.29
        8666     1.013121     2.400203 0.0002208403     21488.46
        8668     1.012696     2.400386 -0.0004415767     21486.83
        8670     1.011779     2.398994 -0.001277936     21485.04
        8672     1.010542     2.395304 -0.002160473     21483.29
        8674     1.009007      2.38998 -0.002983234     21481.04
        8676     1.007319     2.383102 -0.003645565        21480
        8678     1.005528     2.375128 -0.004202267     21478.95
        8680     1.003605      2.36614 -0.004642568     21477.42
        8682     1.001823     2.356362 -0.004935823     21476.39
        8684     1.000349     2.345962 -0.004916328     21475.43
        8686    0.9991737     2.335641 -0.004650945     21474.47
        8688    0.9983718     2.326809 -0.004099335     21473.25
        8690    0.9978943     2.319154 -0.003363195     21472.39
        8692    0.9975423     2.313167 -0.002666677     21471.45
        8694    0.9971419     2.308736 -0.001963732     21470.14
        8696    0.9966523     2.305476 -0.001517135     21467.34
        8698    0.9959977     2.303444 -0.001353838     21439.45
        8700    0.9949993      2.30103  -0.00136836     21413.22
        8702    0.9938104     2.297905 -0.001779804     21433.66
        8704    0.9924488     2.294529 -0.002344071     21430.02
        8706      0.99094     2.289206 -0.002907005     21405.02
        8708    0.9896189     2.282277 -0.003552026      21425.9
        8710    0.9886071     2.274649 -0.003914547     21448.84
        8712      0.98798     2.266113 -0.003910139     21450.07
        8714    0.9877152     2.257889 -0.003572099     21449.91
        8716    0.9876134     2.250996 -0.002967052      21448.7
        8718    0.9876401     2.246072 -0.002269211        21447
        8720    0.9877864     2.242376 -0.001625664        21445
        8722    0.9879812     2.239736 -0.001295349     21443.05
        8724    0.9882631     2.237991 -0.001100177     21441.76
        8726    0.9886516      2.23571 -0.0009920591     21440.33
        8728    0.9891711     2.233575 -0.001016629     21438.83
        8730    0.9897304     2.231799 -0.000916785     21437.72
        8732     0.990307     2.229858 -0.0007664595      21435.7
        8734    0.9909903     2.228375 -0.0006558479     21433.69
        8736    0.9917907     2.227443 -0.0005271348     21432.04
        8738    0.9926214     2.226552 -0.0004523214     21430.54
        8740    0.9934961     2.225641 -0.0003840113     21428.64
        8742    0.9943652     2.224757 -0.0003137263     21426.28
        8744    0.9952429     2.224371 -0.0002572138     21424.11
        8746    0.9961235     2.224043 -0.0001427433     21422.77
        8748    0.9969319     2.223583 -0.0001393195     21421.04
        8750    0.9977206     2.223615 -0.0001874339     21419.23
        8752    0.9985232     2.223257 -0.0001730772     21417.05
        8754    0.9992434     2.222543 -0.0002229289     21414.98
        8756    0.9999359     2.222199 -0.0003117949     21412.71
        8758      1.00058     2.221831 -0.0003747512     21410.17
        8760     1.001189     2.220762 -0.000424811     21407.85
        8762     1.001775     2.219545 -0.0004974403     21406.32
        8764     1.002307       2.2188 -0.0005289504     21404.91
        8766     1.002677     2.217852 -0.0005528251     21402.91
        8768      1.00291     2.216531 -0.0006618177      21400.1
        8770     1.003052     2.215123 -0.0007697597     21397.72
        8772      1.00296     2.213506 -0.0009157828     21395.76
        8774     1.002758     2.211694 -0.001130118     21393.98
        8776     1.002505     2.209204   -0.0013871     21391.41
        8778     1.002052     2.206082 -0.001696885     21388.25
        8780     1.001421     2.202409 -0.001997092     21384.76
        8782     1.000733     2.198119 -0.002327246     21381.66
        8784     1.000034     2.193228 -0.002627688     21379.63
        8786    0.9993223     2.187464  -0.00283342     21377.35
        8788    0.9987629     2.181387 -0.002969158     21374.36
        8790     0.998321     2.175451 -0.003000918     21369.96
        8792    0.9979485     2.169474 -0.002904079     21365.41
        8794    0.9977027     2.163456 -0.002726099     21362.19
        8796    0.9975505     2.158155 -0.002538545     21359.67
        8798    0.9974974     2.153642 -0.002215982     21357.33
        8800    0.9975244     2.149166 -0.001905088     21354.75
        8802    0.9976325     2.145728 -0.001707145     21351.93
        8804    0.9977329     2.142914 -0.001442256     21349.07
        8806    0.9977271     2.139985 -0.001286693     21346.42
        8808    0.9977252     2.137628 -0.001213829     21343.37
        8810    0.9977131     2.135435 -0.001162676     21339.55
        8812    0.9975954     2.133203 -0.001208575      21334.7
        8814    0.9974441     2.130684 -0.001278553      21330.3
        8816    0.9972116     2.127959 -0.001387611     21326.32
        8818      0.99686     2.125207 -0.001520084     21322.06
        8820    0.9964645     2.122102 -0.001638481     21316.59
        8822    0.9960771     2.118523 -0.001817383      21308.6
        8824    0.9957285     2.114851 -0.001993803     21296.89
        8826    0.9954725     2.110667 -0.001823921     21278.99
        8828    0.9954255     2.106152 -0.001863707     21235.56
        8830    0.9964123     2.103932 -0.002496913     20932.12
        8832    0.9964267     2.099942 -0.002511094     20402.17
        8834    0.9939737     2.090692 -0.002366713     20450.94
        8836     0.993416     2.086063 -0.002277393     21035.28
        8838    0.9942747     2.084998 -0.001519768     21310.94
        8840      0.99432     2.081723 -0.001345829     21319.29
        8842     0.994351     2.078534 -0.001625032     21317.88
        8844    0.9943714     2.075297 -0.001647287     21315.22
        8846    0.9944634     2.071998  -0.00163756     21312.36
        8848    0.9946298     2.068544 -0.001589446     21309.38
        8850    0.9948731     2.065434 -0.001558261     21306.56
        8852    0.9952539     2.062581 -0.001462285      21304.1
        8854    0.9956859     2.059532 -0.001376878      21300.9
        8856    0.9960869     2.056846 -0.001333706     21297.07
        8858    0.9965441     2.054418 -0.001178797     21293.41
        8860    0.9970792     2.051911 -0.001030888     21289.47
        8862    0.9975795     2.050101 -0.0008963412     21285.59
        8864    0.9981617     2.048599 -0.0007641696     21282.44
        8866    0.9988415     2.047248 -0.0007026574     21279.81
        8868    0.9995142     2.045798 -0.0006556543      21276.8
        8870     1.000174      2.04448 -0.0006139881     21274.47
        8872     1.000855     2.043354 -0.0005365974     21272.18
        8874     1.001558     2.042336 -0.0004773469     21268.88
        8876     1.002223     2.041505 -0.0004306421     21266.08
        8878     1.002849     2.040661 -0.000382486     21262.91
        8880     1.003396     2.039909 -0.0003498461     21259.31
        8882     1.003816     2.039276 -0.0003395169        21256
        8884     1.004139     2.038706 -0.0003563885     21253.15
        8886     1.004381     2.037945 -0.0004499244     21249.93
        8888     1.004498     2.037058 -0.0005585504     21246.46
        8890     1.004537     2.035677 -0.0006885741     21243.95
        8892     1.004495     2.034238 -0.0008817021     21241.12
        8894     1.004298     2.032437 -0.001084619     21237.71
        8896      1.00402     2.030004 -0.001324853     21234.02
        8898     1.003766        2.027 -0.001572952     21231.25
        8900     1.003467     2.023639 -0.001803151     21228.92
        8902     1.003128     2.019853 -0.001963052     21226.04
        8904     1.002896     2.015579 -0.002131515      21222.4
        8906     1.002688     2.011295 -0.002235597     21218.29
        8908     1.002444     2.006587 -0.002242295     21215.82
        8910     1.002277     2.001968 -0.002259688      21213.5
        8912      1.00218      1.99764 -0.002178131     21210.12
        8914      1.00208     1.993218 -0.002037902     21206.82
        8916     1.002057     1.989162 -0.001937799     21203.59
        8918     1.002091     1.985665 -0.001817887     21200.39
        8920     1.002079     1.982138 -0.001704752     21197.04
        8922      1.00207     1.978675 -0.001665492      21193.4
        8924     1.002072     1.975524 -0.001612062     21189.58
        8926     1.002072     1.972341 -0.001556515      21186.5
        8928     1.002094     1.969241 -0.001525016     21182.88
        8930     1.002126     1.966222 -0.001449338     21179.97
        8932     1.002169     1.963324 -0.001368125     21177.27
        8934      1.00219     1.960746 -0.001374852     21171.91
        8936     1.002377     1.958296 -0.001384125     21093.16
        8938     1.002348     1.955224 -0.001299741     20989.69
        8940     1.002125     1.952251 -0.001337564     21047.98
        8942     1.002257     1.950348 -0.001318068     21140.16
        8944     1.002274     1.947596 -0.001267625     21142.84
        8946     1.002263     1.944679 -0.001341149     21140.26
        8948     1.002198      1.94211   -0.0014028     21136.88
        8950     1.002129     1.939619  -0.00142568     21133.74
        8952     1.002072     1.936374 -0.001442517      21130.3
        8954     1.001983     1.933274  -0.00148332     21126.24
        8956     1.001977      1.93057 -0.001453266     21121.93
        8958     1.001987     1.927753 -0.001474447     21118.65
        8960     1.001906     1.924747 -0.001511186     21114.45
        8962     1.001856     1.921478 -0.001515045     21109.75
        8964     1.001892      1.91848 -0.001498801     21105.47
        8966     1.001955     1.915632 -0.001474982        21101
        8968     1.002047     1.912757 -0.001462829     21096.29
        8970     1.002191     1.909678 -0.001444719      21091.8
