# This file has been produced by extranormal (v 1.0.1 - February 23, 2017)
# O. Roudenko - Synchrotron SOLEIL. Covered by GPL licence.
#Data from HDF File: /nfs/ruche/rock-soleil/com-rock/2021/Projets/20210209_Hilde/References/Fe2O3_pellet/Fe2O3_pellet_00002.nxs to Fe2O3_pellet_00100.nxs
#Time at start=2021-02-09 18:25:01.896
#Time from start (seconds)=249.823691563
#Sample temperature (C)=24.3
# Normalization -------------
# pivot spectrum: Pivot_Fe_10Ni-10Fe_50BN_RT_air_av2000_00001.txt
# E0=7112.0   Eshift=1.46330411982
# E0_pivot = 7112.0
# pre-edge params: from E0_pivot-140.0 to E0_pivot-20.0
# pre-edge range: [6972.0, 7092.0]
# post-edge params: from E0_pivot+100.0 to E0_pivot+1140.0
# post-edge range: [7212.0, 8250.0]
# I jump at E0_pivot = 0.607333565353
# shifted energy	normalized	reference	ref.derivative	I0
        6970  0.002118205   -0.5727817 -0.001526937     18809.66
        6972  0.002118205   -0.5727817 -0.001526937     18809.66
        6974  0.002011763   -0.5759022 -0.001613578     18817.56
        6976  0.001803916   -0.5792507 -0.001608502     18824.89
        6978  0.001596671   -0.5823343 -0.001607521     18832.58
        6980  0.001372298   -0.5856497 -0.001576572     18841.84
        6982  0.001234054   -0.5887623 -0.001630766     18849.61
        6984  0.001093463   -0.5918633 -0.001635167     18856.12
        6986 0.0009332711   -0.5953804 -0.001632728     18863.36
        6988 0.0007777828    -0.598731 -0.001637899     18870.35
        6990 0.0007128091   -0.6018241 -0.001590212     18877.97
        6992 0.0005901391   -0.6049665 -0.001574241     18885.88
        6994 0.0003886848   -0.6081021 -0.001584064     18893.64
        6996 0.0002294325   -0.6113249 -0.001592545     18903.06
        6998 0.0001273107   -0.6144967 -0.001601384     18911.06
        7000 2.246421e-07   -0.6177068 -0.001594682     18918.48
        7002 -0.0001842459   -0.6209132 -0.001584633     18926.66
        7004 -0.0002567505   -0.6240824 -0.001590801      18935.3
        7006 -0.0003474811   -0.6271737 -0.001580657     18943.65
        7008  -0.00051941   -0.6304332 -0.001585952     18951.58
        7010 -0.0005736969   -0.6335584 -0.001614249     18958.68
        7012 -0.0006654405     -0.63677 -0.001588354     18967.61
        7014 -0.0006862567   -0.6400877 -0.001565978     18975.91
        7016 -0.0007944646   -0.6431401 -0.001546762     18983.67
        7018 -0.000836401   -0.6460863  -0.00151918     18990.79
        7020 -0.0008845813   -0.6491441 -0.001528589     18998.35
        7022 -0.0009244987   -0.6522412 -0.001561585     19005.61
        7024  -0.00103831   -0.6553688 -0.001569706     19014.09
        7026 -0.001086914   -0.6585789 -0.001571208     19022.85
        7028 -0.001148803   -0.6617018 -0.001554171     19031.45
        7030 -0.001128438   -0.6648108 -0.001552786     19039.32
        7032 -0.001166057   -0.6678022 -0.001564443     19047.01
        7034 -0.001169688   -0.6710012  -0.00153538     19053.63
        7036 -0.001157285   -0.6742173  -0.00154358     19061.08
        7038 -0.001176086   -0.6770939   -0.0015234     19069.33
        7040 -0.001199676   -0.6801508  -0.00153227     19077.26
        7042 -0.001145868   -0.6831884 -0.001526448     19086.59
        7044 -0.001165939   -0.6864755  -0.00152114     19095.99
        7046 -0.001029839   -0.6893054 -0.001517597     19104.29
        7048 -0.001011922   -0.6923199 -0.001485704     19112.11
        7050 -0.001029445   -0.6953292 -0.001493965     19119.37
        7052 -0.0009752395   -0.6983611 -0.001495651     19127.62
        7054 -0.0008913788   -0.7012572 -0.001477458     19135.57
        7056 -0.0008094615   -0.7042851  -0.00150524     19143.98
        7058 -0.0008116582   -0.7071489 -0.001532512     19151.88
        7060 -0.0007105938    -0.710403 -0.001498599      19159.6
        7062 -0.0005766123   -0.7135173 -0.001515248     19167.01
        7064 -0.0004543543   -0.7162739 -0.001472144     19174.82
        7066 -0.0003595852   -0.7192709 -0.001429555     19182.22
        7068 -0.0002256173   -0.7221802 -0.001455892     19189.99
        7070 -3.077445e-05   -0.7249537 -0.001451548     19197.89
        7072 0.0001372346   -0.7279211 -0.001444195      19206.1
        7074 0.0003142939   -0.7308832  -0.00142981     19214.18
        7076 0.0005328543   -0.7337337 -0.001418104     19223.46
        7078 0.0007821994   -0.7363922 -0.001383289     19231.07
        7080  0.001016325   -0.7392659 -0.001347426      19239.8
        7082  0.001269623   -0.7419495 -0.001329852     19247.85
        7084  0.001501043   -0.7445131 -0.001329146     19255.46
        7086  0.001940397    -0.747031 -0.001307259     19263.14
        7088  0.002350922   -0.7498991 -0.001252934     19270.35
        7090  0.002707928   -0.7524076 -0.001208766     19278.35
        7092  0.003148112   -0.7545366 -0.001103236     19286.72
        7094  0.003715088   -0.7567011 -0.0009930849     19294.93
        7096   0.00431471   -0.7587249 -0.000876029     19302.13
        7098   0.00500367   -0.7603523 -0.0007449088     19309.62
        7100  0.005840464   -0.7615448 -0.000639546     19317.54
      7100.2  0.005941061   -0.7616505 -0.0006289715     19318.38
      7100.4  0.006041658   -0.7617562 -0.000618397     19319.22
      7100.6  0.006142255   -0.7618619 -0.0006078225     19320.06
      7100.8  0.006242852   -0.7619676 -0.0005972479      19320.9
        7101  0.006343449   -0.7620733 -0.0005866734     19321.74
      7101.2  0.006444046   -0.7621789 -0.0005760989     19322.58
      7101.4  0.006544643   -0.7622846 -0.0005655243     19323.42
      7101.6  0.006660979   -0.7623682 -0.0004884243      19324.1
      7101.8  0.006781083   -0.7624605 -0.0001713725      19324.9
        7102  0.006926158   -0.7624582 9.843508e-05     19325.75
      7102.2  0.007061396   -0.7623795 0.0003479696     19326.43
      7102.4  0.007190513   -0.7622895 0.0003726082        19327
      7102.6  0.007289024   -0.7621821 0.0003290032     19327.63
      7102.8  0.007371911   -0.7621601 0.0002288693     19328.22
        7103  0.007491664   -0.7621163 0.0002028364     19329.07
      7103.2   0.00760832   -0.7621064 0.0003873229     19329.78
      7103.4  0.007745716   -0.7620199 0.0005667948     19330.65
      7103.6  0.007882035   -0.7618503 0.0008275044     19331.58
      7103.8  0.007998347   -0.7616628 0.0009611624      19332.5
        7104  0.008132623   -0.7614444 0.0008362412     19333.47
      7104.2  0.008281932   -0.7612509 0.0005669184     19334.54
      7104.4  0.008421059   -0.7611813 0.0004161338      19335.5
      7104.6  0.008553673   -0.7612093 0.0004830617     19336.32
      7104.8  0.008702466   -0.7611115 0.0006198944     19337.08
        7105  0.008861117   -0.7608645 0.0008466256      19337.7
      7105.2  0.009051581   -0.7606854  0.001028549      19338.6
      7105.4  0.009241506    -0.760532  0.001181101     19339.58
      7105.6  0.009393117   -0.7602886   0.00156075      19340.5
      7105.8  0.009529171   -0.7599196  0.001977131     19341.21
        7106  0.009707813   -0.7594368  0.002339887     19341.78
      7106.2  0.009934298   -0.7589503   0.00265973     19342.52
      7106.4   0.01015719   -0.7584167  0.002886193     19343.25
      7106.6   0.01034172   -0.7577918  0.003194931     19343.94
      7106.8   0.01053137   -0.7571278  0.003500139     19344.74
        7107   0.01072871   -0.7563944  0.003755303     19345.42
      7107.2   0.01093568   -0.7556166  0.004088774     19346.17
      7107.4   0.01119618   -0.7547876  0.004416857     19347.27
      7107.6   0.01146902   -0.7538568  0.004795862     19348.35
      7107.8   0.01171343   -0.7528609  0.005291377     19349.18
        7108   0.01193783   -0.7517799  0.005880963     19349.99
      7108.2   0.01215825   -0.7505545  0.006539359     19350.73
      7108.4   0.01244061    -0.749152  0.007293174     19351.33
      7108.6   0.01276114   -0.7476294  0.008303225      19351.8
      7108.8   0.01305916   -0.7459454  0.009554745     19352.08
        7109   0.01335254   -0.7439119   0.01113192     19352.19
      7109.2   0.01366648   -0.7415082   0.01313805     19352.31
      7109.4   0.01403318   -0.7387238    0.0155248     19352.51
      7109.6   0.01444222    -0.735435   0.01867665     19352.66
      7109.8   0.01486338   -0.7314921   0.02301074     19352.82
        7110   0.01529589   -0.7265669   0.02859495     19352.88
      7110.2   0.01575123   -0.7203153   0.03596114     19352.74
      7110.4   0.01625757    -0.712559   0.04590339     19352.36
      7110.6   0.01683799   -0.7027232    0.0589298     19351.89
      7110.8   0.01746096   -0.6898442   0.07508998     19351.04
        7111   0.01816236   -0.6731714   0.09379107     19349.96
      7111.2   0.01893789    -0.652487    0.1144007     19348.88
      7111.4   0.01986937   -0.6276903    0.1347584     19347.75
      7111.6   0.02100233   -0.5983236    0.1520664     19346.41
      7111.8   0.02239704   -0.5653647    0.1639445     19344.99
        7112   0.02412509   -0.5308339    0.1681127     19343.63
      7112.2   0.02627896   -0.4965347     0.164406     19342.16
      7112.4   0.02903299   -0.4638335    0.1546019     19340.75
      7112.6   0.03247308   -0.4338399     0.141521     19339.22
      7112.8   0.03662317   -0.4071524    0.1272618     19337.97
        7113   0.04126756   -0.3833179    0.1134089     19336.81
      7113.2   0.04613111   -0.3620241    0.1018749     19335.78
      7113.4   0.05088092   -0.3431128   0.09306622     19334.89
      7113.6   0.05528915   -0.3256525   0.08636444     19334.14
      7113.8   0.05936503   -0.3088649   0.08120529     19333.72
        7114   0.06318998   -0.2929325   0.07689155     19333.87
      7114.2   0.06677521   -0.2781485   0.07257047     19333.65
      7114.4   0.07027994   -0.2641393   0.06769468     19333.61
      7114.6    0.0736211   -0.2508085    0.0624287     19333.97
      7114.8   0.07633785   -0.2387768   0.05657384     19334.25
        7115   0.07805886   -0.2282056   0.05025127     19334.63
      7115.2   0.07863713   -0.2188802   0.04408265     19335.17
      7115.4   0.07815506   -0.2106075   0.03824328     19335.77
      7115.6   0.07702009   -0.2035107   0.03261765     19336.11
      7115.8   0.07576906    -0.197611   0.02726741      19336.5
        7116   0.07477837   -0.1927861   0.02280512     19336.96
      7116.2   0.07418037   -0.1887936    0.0196416     19337.29
      7116.4   0.07405204   -0.1852666   0.01842079     19337.68
      7116.6   0.07432808   -0.1818977   0.01938618     19338.07
      7116.8   0.07490154   -0.1780495    0.0224762     19338.27
        7117   0.07573222   -0.1732846   0.02759374     19338.63
      7117.2   0.07676093   -0.1672856   0.03468741     19339.01
      7117.4   0.07791515   -0.1598227   0.04360391     19339.03
      7117.6   0.07910449   -0.1502995    0.0536881     19338.91
      7117.8   0.08023758   -0.1384015   0.06493474     19338.82
        7118   0.08128433   -0.1243351   0.07653466     19338.64
      7118.2   0.08229866   -0.1078749   0.08720954     19338.42
      7118.4    0.0833507  -0.08907182   0.09682763     19338.33
      7118.6   0.08452396  -0.06863388    0.1055861      19338.4
      7118.8   0.08587519  -0.04687302    0.1132749     19338.33
        7119   0.08751628  -0.02340604    0.1194558     19338.27
      7119.2   0.08960062  0.001548089     0.124392     19338.43
      7119.4   0.09215486   0.02693075    0.1285915     19338.36
      7119.6   0.09526489    0.0526406    0.1320707     19338.12
      7119.8   0.09910754   0.07946713    0.1350758     19337.77
        7120    0.1037876    0.1072047    0.1378078     19337.42
      7120.2    0.1092956    0.1349914    0.1392593     19337.17
      7120.4      0.11569    0.1628868    0.1396584     19336.97
      7120.6    0.1230856    0.1908746    0.1398761     19336.76
      7120.8    0.1315737    0.2189314    0.1393935     19336.64
        7121     0.141245    0.2468923    0.1375937      19336.3
      7121.2    0.1523961    0.2744016    0.1342355     19336.12
      7121.4    0.1651095    0.3009495    0.1300205        19336
      7121.6    0.1794608    0.3263198    0.1257979      19335.6
      7121.8    0.1958862    0.3509087    0.1209051     19335.47
        7122    0.2147332      0.37504    0.1154128     19335.35
      7122.2    0.2357506    0.3976736    0.1095956     19335.04
      7122.4    0.2587094      0.41865    0.1029373     19334.69
      7122.6    0.2840219    0.4385851   0.09700096     19334.42
      7122.8    0.3120108    0.4573898   0.09105723     19334.22
        7123    0.3416691    0.4752744   0.08519576     19333.84
      7123.2     0.372116    0.4914958   0.07981302     19333.29
      7123.4    0.4034455    0.5067417   0.07479573     19332.77
      7123.6    0.4353406    0.5212402   0.07039582     19332.29
      7123.8    0.4665844     0.535111   0.06647128      19331.9
        7124     0.496143    0.5478124   0.06289654     19331.74
      7124.2     0.524016    0.5599188   0.05964392     19331.31
      7124.4    0.5505748    0.5715575   0.05724261      19331.1
      7124.6    0.5757907    0.5828261   0.05542157     19330.87
      7124.8     0.599982    0.5936065   0.05358941     19330.53
        7125     0.623777     0.604256   0.05184572     19330.26
      7125.2    0.6476529     0.614429   0.05102002     19329.83
      7125.4    0.6719798    0.6243027   0.05009608     19329.16
      7125.6    0.6973078    0.6344225   0.04949442     19328.52
      7125.8    0.7238165    0.6443329   0.04934828     19327.83
        7126     0.751224    0.6540245    0.0489854     19327.17
      7126.2    0.7796734    0.6637813    0.0493539     19326.58
      7126.4    0.8095806    0.6736108   0.04985674     19325.68
      7126.6    0.8406796     0.683816   0.05021172     19324.57
      7126.8    0.8719988    0.6939099    0.0515239      19323.7
        7127    0.9032362    0.7039507    0.0530715     19322.79
      7127.2    0.9348917      0.71483   0.05497138     19321.67
      7127.4    0.9666097    0.7262732   0.05773916     19320.82
      7127.6    0.9972944     0.737887   0.06078598     19320.42
      7127.8     1.026868     0.750142   0.06360661     19320.14
        7128     1.056045    0.7634587   0.06627904     19319.81
      7128.2     1.084769    0.7771585   0.06893836     19319.56
      7128.4      1.11254    0.7909103   0.07064714     19319.29
      7128.6     1.139323    0.8052927   0.07208928     19318.92
      7128.8     1.165139    0.8199764   0.07391316     19318.54
        7129     1.189666    0.8348299   0.07550392     19318.05
      7129.2     1.212582    0.8500408   0.07628091     19317.48
      7129.4     1.233621    0.8656958    0.0753463     19317.08
      7129.6     1.252348    0.8810012   0.07265924      19316.6
      7129.8     1.268305     0.895107   0.06889733     19316.02
        7130     1.281508    0.9081682   0.06336267     19315.28
      7130.2     1.292081    0.9208137   0.05740276     19314.37
      7130.4     1.300052    0.9316913   0.05092542     19313.42
      7130.6     1.305729    0.9410292   0.04426017     19312.37
      7130.8     1.309796    0.9489085   0.03762133     19311.42
        7131     1.312873    0.9562218   0.02951806     19310.35
      7131.2     1.315535    0.9617884   0.01954236     19309.27
      7131.4     1.318341    0.9646436  0.007821738     19308.12
      7131.6     1.321702    0.9645424 -0.005173077     19306.86
      7131.8     1.326112    0.9624792  -0.01724803     19305.82
        7132     1.331698    0.9576499  -0.02746942     19304.98
      7132.2     1.338332    0.9508452   -0.0384668     19304.41
      7132.4     1.345827    0.9425669  -0.04842548     19303.61
      7132.6     1.354025    0.9317058  -0.05621324     19303.06
      7132.8     1.362508    0.9189095  -0.06381684     19302.96
        7133      1.37076    0.9058746  -0.06891557     19303.18
      7133.2     1.378232    0.8915134  -0.07149111     19303.36
      7133.4     1.384587    0.8765733  -0.07246672     19303.53
      7133.6     1.389602    0.8617166   -0.0714696     19303.88
      7133.8     1.393066    0.8479012  -0.06998007     19304.74
        7134     1.394756    0.8343377   -0.0672371     19305.74
      7134.2      1.39459    0.8205893  -0.06549075     19306.78
      7134.4     1.392589     0.807927  -0.06398023     19307.95
      7134.6     1.388772    0.7955086  -0.06039602     19309.23
      7134.8     1.383221    0.7831535  -0.05653842     19310.51
        7135     1.376217    0.7722725  -0.05114071     19311.65
      7135.2     1.367939    0.7626962  -0.04478508     19312.67
      7135.4     1.358458    0.7545961  -0.04029148     19313.72
      7135.6     1.348117    0.7473255  -0.03545812     19314.96
      7135.8      1.33742    0.7400393  -0.03079244     19316.12
        7136     1.326662    0.7343297  -0.02653323     19316.84
      7136.2     1.315894    0.7299621  -0.02096892     19317.32
      7136.4     1.305494    0.7260989  -0.01545017     19317.66
      7136.6     1.295918    0.7232642  -0.01065208     19317.06
      7136.8     1.287214    0.7219696 -0.006825591     19314.52
        7137     1.279347    0.7214404  -0.00362863     19308.34
      7137.2     1.272338    0.7206384  -0.00153649     19295.73
      7137.4      1.26608    0.7203612 0.0006613266     19273.83
      7137.6     1.260371    0.7207404  0.003586034     19240.47
      7137.8     1.254904    0.7219695  0.006031613      19197.1
        7138     1.249404    0.7235072  0.007952874     19149.73
      7138.2     1.243553    0.7251865    0.0100002     19106.37
      7138.4     1.237165    0.7271027   0.01185356     19076.35
      7138.6     1.230496    0.7299697   0.01381583     19065.75
      7138.8     1.223728    0.7329901   0.01678084     19073.74
        7139     1.216642    0.7362392   0.01896584      19094.8
      7139.2     1.209162    0.7405274   0.02137474     19124.07
      7139.4     1.201369    0.7451423   0.02280675     19156.78
      7139.6     1.193471    0.7500899   0.02275603     19189.51
      7139.8     1.185396    0.7544846   0.02249107     19221.31
        7140     1.176963    0.7587322   0.02208174     19250.96
      7140.2     1.168459    0.7631352   0.02203367     19276.05
      7140.4     1.160061    0.7677553   0.02172042     19293.75
      7140.6     1.151629    0.7721115   0.02000378     19304.42
      7140.8     1.143144    0.7761085   0.01655692     19311.07
        7141     1.134847    0.7791382   0.01370395     19315.06
      7141.2     1.126901    0.7810008   0.01121476     19316.47
      7141.4     1.119273    0.7830747  0.008727471     19314.81
      7141.6      1.11201    0.7850803  0.007335177     19308.06
      7141.8     1.105082    0.7861202  0.005343873     19293.23
        7142     1.098438    0.7868689  0.002476238     19267.46
      7142.2     1.092039    0.7873498 -7.380539e-05     19228.97
      7142.4     1.085841    0.7870613 -0.003308609     19180.59
      7142.6      1.07975    0.7860611 -0.007174271     19129.31
      7142.8     1.073631    0.7842221  -0.01005722     19084.86
        7143     1.067601    0.7816104  -0.01130333     19058.25
      7143.2     1.061911    0.7790156  -0.01090559     19054.34
      7143.4     1.056754    0.7770185 -0.009537676     19072.11
      7143.6     1.052171    0.7754976   -0.0084477      19108.1
      7143.8      1.04815    0.7739802 -0.007125829     19154.42
        7144      1.04474    0.7722574 -0.006158544     19201.42
      7144.2     1.041887    0.7713178 -0.004952821     19242.58
      7144.4     1.039586    0.7705707 -0.002062247     19275.94
      7144.6     1.037734     0.770018 -0.0003730682     19299.37
      7144.8     1.036242    0.7706076 0.0003995831     19313.37
        7145     1.035119    0.7710194   0.00152818     19322.11
      7145.2      1.03441    0.7708904  0.002529872     19328.46
      7145.4      1.03403    0.7712405  0.003997496     19333.35
      7145.6     1.033986    0.7726315  0.006342203     19337.39
      7145.8      1.03419    0.7742174  0.008788814     19340.83
        7146     1.034578    0.7759642   0.01011496     19343.66
      7146.2     1.035184    0.7782716    0.0117497     19346.22
      7146.4     1.035857    0.7807235   0.01483064     19348.23
      7146.6     1.036621    0.7836171   0.01725755     19350.21
      7146.8     1.037382    0.7878287    0.0190266     19352.45
        7147     1.038065    0.7920776    0.0210685     19354.76
      7147.2     1.038618    0.7959447   0.02202148     19356.76
      7147.4     1.038915    0.8004719   0.02274635      19358.5
      7147.6     1.038934    0.8054459   0.02444396     19360.13
      7147.8     1.038643    0.8102747   0.02642265     19361.83
        7148     1.037927    0.8154999   0.02776561      19363.5
      7148.2     1.036757      0.82161   0.02875555     19365.22
      7148.4     1.035149    0.8276584   0.02881311        19367
      7148.6     1.033106    0.8332791   0.02736277     19368.63
      7148.8     1.030667    0.8385504   0.02601781     19370.26
        7149      1.02783    0.8435003   0.02493003     19371.89
      7149.2     1.024644    0.8484726   0.02402331     19373.45
      7149.4     1.021181    0.8532232   0.02261649     19374.98
      7149.6     1.017474     0.857769   0.02000871     19376.43
      7149.8     1.013616    0.8615934    0.0175261     19377.69
        7150     1.009629    0.8644796   0.01483768     19378.83
      7150.2     1.005514     0.867244   0.01310642     19380.07
      7150.4     1.001316    0.8696392   0.01217094     19381.24
      7150.6    0.9970975    0.8720786   0.01215355     19382.33
      7150.8    0.9929504    0.8742163    0.0118173     19383.58
        7151    0.9888238    0.8769669  0.009994764     19384.77
      7151.2    0.9846437     0.879093  0.008928554     19385.75
      7151.4    0.9804979    0.8800744  0.007743637     19386.71
      7151.6    0.9765013    0.8813592  0.007030045     19387.48
      7151.8    0.9726197    0.8831618  0.007728286     19388.34
        7152    0.9687304    0.8847171  0.008712941      19389.4
      7152.2    0.9649433     0.886257  0.009082737     19390.24
      7152.4    0.9613376    0.8883295  0.008851093     19391.24
      7152.6     0.957802     0.890428  0.008464683     19392.36
      7152.8     0.954243    0.8917979  0.007224802     19393.29
        7153    0.9508017    0.8930288  0.005937334     19394.21
      7153.2    0.9474514    0.8941094  0.004601182        19395
      7153.4    0.9442226    0.8951778  0.003158547      19396.1
      7153.6    0.9410636    0.8954789  0.002307257     19397.04
      7153.8    0.9379829    0.8955556  0.001360676     19397.57
        7154    0.9349709    0.8959552 0.0001847825     19398.42
      7154.2    0.9319913    0.8962664  -0.00157609     19399.42
      7154.4    0.9290776    0.8956267 -0.003377032     19400.37
      7154.6    0.9261429    0.8942947 -0.004811856     19401.31
      7154.8     0.923134    0.8932536 -0.005087822     19402.33
        7155     0.920098    0.8924169 -0.004962415     19403.33
      7155.2    0.9171089    0.8915565 -0.005582403     19404.09
      7155.4    0.9141679    0.8903248 -0.006452332     19404.97
      7155.6    0.9111815    0.8887876 -0.007572553     19406.04
      7155.8    0.9081294     0.887255 -0.007640111     19406.96
        7156    0.9050582    0.8854984 -0.006784856     19407.75
      7156.2    0.9019717    0.8842127 -0.006619387     19408.65
      7156.4     0.898829    0.8833597 -0.006409762     19409.65
      7156.6    0.8956346    0.8819595 -0.007046559     19410.42
      7156.8    0.8924902    0.8803706 -0.008336731     19411.05
        7157    0.8894266    0.8785755 -0.008508023     19411.73
      7157.2    0.8863561    0.8766904 -0.007865882     19412.51
      7157.4    0.8833012    0.8751531 -0.006704834     19413.24
      7157.6    0.8803421    0.8740779 -0.006049328     19414.02
      7157.8    0.8775498    0.8732116 -0.005631893     19414.91
        7158    0.8749373    0.8718509 -0.004155087     19415.87
      7158.2    0.8724967    0.8706476 -0.003254367     19416.92
      7158.4    0.8701645    0.8707538 -0.002906844     19417.66
      7158.6    0.8680041    0.8706081 -0.002527357     19418.39
      7158.8    0.8659667    0.8695254 -0.003158529     19418.88
        7159    0.8640947    0.8686257 -0.003068176     19419.39
      7159.2     0.862396     0.868227 -0.002782942     19419.91
      7159.4    0.8608432    0.8681536 -0.002364902     19420.42
      7159.6    0.8594711    0.8672991 -0.002075606      19421.2
      7159.8    0.8582925    0.8667338 -0.002092976     19421.94
        7160    0.8572911    0.8665665 -0.001312529      19422.6
      7160.2    0.8563867    0.8664792 -0.001085691     19423.25
      7160.4    0.8556258     0.866249 -0.001170094     19424.08
      7160.6    0.8550961    0.8658652 -0.001330494     19424.86
      7160.8    0.8547739    0.8656304 -0.001723512     19425.84
        7161    0.8545578    0.8654148 -0.002222865     19426.75
      7161.2     0.854441    0.8648702 -0.002776047     19427.48
      7161.4    0.8544582    0.8640869 -0.003762038     19428.25
      7161.6    0.8546131    0.8634096 -0.005107596     19428.91
      7161.8    0.8549021    0.8624052 -0.005670934     19429.41
        7162    0.8553189    0.8607842 -0.005350546     19429.82
      7162.2    0.8558519    0.8595502 -0.005310245     19430.35
      7162.4    0.8564412    0.8591292 -0.005584404     19430.75
      7162.6     0.857079     0.858157 -0.005670979     19430.85
      7162.8    0.8578302    0.8563166 -0.006843492     19431.15
        7163    0.8587143    0.8550134 -0.007481717     19431.74
      7163.2    0.8596916    0.8536544 -0.006994288     19432.31
      7163.4    0.8607324    0.8521716 -0.007177443     19432.73
      7163.6    0.8618212    0.8507212 -0.008321201     19433.09
      7163.8    0.8629884    0.8492715 -0.009301249     19433.49
        7164    0.8642135    0.8469974 -0.009336566     19433.79
      7164.2    0.8655136    0.8447306 -0.009547758     19434.02
      7164.4    0.8668494     0.843252 -0.008689912     19434.38
      7164.6     0.868282    0.8416332 -0.007654507     19434.92
      7164.8    0.8697715    0.8400455 -0.007823137     19435.33
        7165    0.8712577     0.838607 -0.007650433     19435.98
      7165.2    0.8727714    0.8369934 -0.007152475     19436.62
      7165.4    0.8742923    0.8355129 -0.007623331     19436.93
      7165.6    0.8757919    0.8343235 -0.007341676     19437.38
      7165.8    0.8772876    0.8325083 -0.007231561     19437.73
        7166    0.8787868    0.8311201 -0.007045076     19438.01
      7166.2    0.8802822    0.8297276 -0.005050384     19438.39
      7166.4    0.8817804    0.8286874 -0.003875219     19438.67
      7166.6     0.883325     0.828468 -0.003128269     19438.95
      7166.8    0.8849342    0.8280199 -0.002808278     19439.29
        7167    0.8865254     0.827225 -0.003591367     19439.39
      7167.2    0.8881247    0.8264408 -0.004654517     19439.43
      7167.4    0.8897832    0.8255949 -0.005623166     19439.62
      7167.6    0.8914705    0.8242963 -0.005843144     19439.88
      7167.8    0.8932341    0.8227265 -0.005719976     19440.04
        7168    0.8950667    0.8217663 -0.005492087     19440.18
      7168.2    0.8969346    0.8210189 -0.005009641     19440.52
      7168.4    0.8988989    0.8199026 -0.005255527     19440.72
      7168.6    0.9010042    0.8187188   -0.0052467     19441.24
      7168.8     0.903243    0.8175619 -0.005097002     19441.99
        7169    0.9055353    0.8168216 -0.005296604      19442.6
      7169.2    0.9079707     0.815825 -0.005388312     19443.44
      7169.4    0.9105653    0.8144815 -0.006483376     19443.98
      7169.6    0.9132789    0.8132512 -0.007225431     19444.59
      7169.8    0.9161056    0.8116349 -0.006842804     19445.28
        7170    0.9190327    0.8100447 -0.007010275     19445.82
      7170.2    0.9220654    0.8090073 -0.006743002     19446.47
      7170.4    0.9252156     0.807643 -0.007231278     19447.15
      7170.6    0.9284464    0.8062405 -0.008381243     19447.69
      7170.8    0.9317859    0.8042597 -0.009061308     19448.35
        7171    0.9352086    0.8023023  -0.01053304     19449.13
      7171.2    0.9386838     0.800394  -0.01126811     19449.76
      7171.4    0.9423187     0.797814   -0.0122791      19450.5
      7171.6    0.9460873    0.7952452   -0.0132633     19451.38
      7171.8    0.9498911     0.792479  -0.01333624     19452.11
        7172    0.9537701    0.7897833  -0.01366598     19452.81
      7172.2    0.9578516    0.7871451  -0.01399688     19453.76
      7172.4    0.9620296    0.7843124  -0.01439092      19454.5
      7172.6    0.9662114    0.7812815  -0.01479174     19455.05
      7172.8    0.9705103    0.7782706  -0.01519676     19455.88
        7173    0.9749785    0.7753117  -0.01599586      19456.7
      7173.2    0.9795718     0.772155  -0.01700358     19457.44
      7173.4    0.9841669    0.7684848  -0.01706431     19458.23
      7173.6    0.9887622    0.7646677  -0.01680212     19459.05
      7173.8    0.9934902    0.7616602  -0.01607017     19459.85
        7174    0.9982449    0.7587133  -0.01519144     19460.45
      7174.2     1.002904    0.7556287  -0.01552934     19460.84
      7174.4     1.007461    0.7525146  -0.01623552      19461.3
      7174.6     1.011953    0.7492367  -0.01670324     19461.88
      7174.8     1.016309    0.7457249  -0.01711132     19462.44
        7175     1.020565    0.7422661  -0.01749478      19463.1
      7175.2     1.024718    0.7388255   -0.0180156     19464.17
      7175.4     1.028684    0.7352409   -0.0180898     19465.16
      7175.6     1.032411    0.7313124  -0.01859183     19465.98
      7175.8     1.035922    0.7277942  -0.01985137     19466.73
        7176     1.039243    0.7239521  -0.02066862     19467.17
      7176.2     1.042387    0.7193598  -0.02066197      19467.8
      7176.4     1.045301    0.7147775  -0.02052829     19468.39
      7176.6     1.048046    0.7112646  -0.02004727     19469.06
      7176.8     1.050623    0.7075294  -0.01924604     19469.78
        7177     1.053009     0.703322  -0.01956038     19470.52
      7177.2     1.055178    0.6993807   -0.0196482     19471.16
      7177.4     1.057236    0.6956163  -0.01901456     19471.87
      7177.6     1.059239    0.6918109  -0.01878667     19472.78
      7177.8     1.061093    0.6881104  -0.01815286     19473.61
        7178     1.062807    0.6843513  -0.01683892     19474.49
      7178.2     1.064396    0.6810941  -0.01571957     19475.36
      7178.4      1.06587    0.6783397  -0.01396092      19476.2
      7178.6     1.067255    0.6755347   -0.0127174     19477.11
      7178.8     1.068544    0.6731826  -0.01235419     19477.93
        7179     1.069766    0.6709201  -0.01156254     19478.76
      7179.2     1.070876    0.6684564  -0.01053815     19479.56
      7179.4     1.071896    0.6662847 -0.009135757     19480.16
      7179.6      1.07284    0.6647521 -0.007406112     19480.54
      7179.8     1.073734    0.6636115 -0.006172114     19481.21
        7180     1.074554    0.6625315 -0.005550525     19481.94
      7180.2     1.075263     0.661347 -0.005311268     19482.58
      7180.4     1.075865    0.6603117 -0.004382802     19483.18
      7180.6     1.076416    0.6593625 -0.003272193     19483.85
      7180.8     1.076872    0.6590252 -0.002433307     19484.51
        7181      1.07721    0.6587292 -0.001232419     19484.97
      7181.2     1.077514     0.658365 -0.0006562394     19485.52
      7181.4     1.077737    0.6583766 -0.0002751608     19486.25
      7181.6     1.077956    0.6585003 -0.0002508001     19486.92
      7181.8     1.078139    0.6585091 -0.0004475333     19487.75
        7182     1.078268    0.6581644 0.0001383011     19488.61
      7182.2     1.078295    0.6580186 0.0005105529     19489.51
      7182.4     1.078224    0.6586109 0.0009920425     19490.33
      7182.6     1.078124    0.6589175  0.001693187     19491.04
      7182.8     1.078011     0.658958   0.00160498      19491.8
        7183     1.077865    0.6593731  0.001817994     19492.34
      7183.2     1.077698    0.6598949  0.002380972     19492.98
      7183.4     1.077512    0.6603719   0.00308326     19493.84
      7183.6     1.077262    0.6608628  0.003973626     19494.61
      7183.8     1.076952    0.6618397  0.004221726     19495.35
        7184     1.076615    0.6630738  0.004628284      19496.1
      7184.2     1.076214    0.6637493  0.004920143     19497.01
      7184.4     1.075748    0.6645654  0.005464293     19497.76
      7184.6     1.075275    0.6657758  0.006979848     19498.46
      7184.8     1.074775    0.6674452  0.008670147     19499.25
        7185     1.074295    0.6693332  0.009540918     19500.11
      7185.2     1.073825    0.6715015  0.009668381     19501.03
      7185.4      1.07331    0.6734086  0.009976019     19501.86
      7185.6     1.072837    0.6751799   0.01040831     19502.77
      7185.8     1.072313     0.677314   0.01113818     19503.45
        7186     1.071782    0.6798282   0.01179534     19504.41
      7186.2     1.071271    0.6823191   0.01291433     19505.39
      7186.4     1.070773    0.6846162   0.01304079     19506.27
      7186.6     1.070301    0.6876455   0.01269559     19507.37
      7186.8     1.069822    0.6902608   0.01316524     19508.31
        7187     1.069388    0.6924756   0.01285928     19509.08
      7187.2     1.068963    0.6951484   0.01324179     19509.76
      7187.4     1.068483    0.6979329   0.01454833     19510.29
      7187.6     1.068034    0.7008542    0.0154848     19510.93
      7187.8     1.067648    0.7041142    0.0162161     19511.82
        7188     1.067253    0.7075362   0.01635579     19512.69
      7188.2     1.066873    0.7109058   0.01505385     19513.42
      7188.4     1.066527    0.7139389   0.01338947     19514.19
      7188.6     1.066199    0.7161573   0.01313552     19515.06
      7188.8     1.065889    0.7182478   0.01328712     19515.92
        7189     1.065561    0.7214142   0.01368011     19516.67
      7189.2     1.065238    0.7245686   0.01461708     19517.39
      7189.4     1.064897    0.7271014   0.01462456     19517.89
      7189.6     1.064509    0.7299415   0.01468841     19518.26
      7189.8     1.064215    0.7331138   0.01532166     19519.48
        7190     1.063947    0.7363193   0.01594145     19520.41
      7190.2     1.063629    0.7393587     0.016114      19521.2
      7190.4     1.063265    0.7426946   0.01637331     19522.09
      7190.6     1.062841     0.746005   0.01627856     19522.93
      7190.8     1.062443    0.7494179   0.01547754     19523.86
        7191     1.062059    0.7523816   0.01504554     19524.67
      7191.2     1.061666    0.7550767   0.01457581     19525.59
      7191.4     1.061247    0.7580415   0.01484273     19526.61
      7191.6     1.060763    0.7610786   0.01534368     19527.44
      7191.8     1.060211    0.7642558   0.01541624     19528.18
        7192     1.059617    0.7673516   0.01516111     19528.81
      7192.2     1.059032    0.7703745   0.01485496     19529.46
      7192.4     1.058447    0.7732075   0.01428987     19530.44
      7192.6     1.057813    0.7761397   0.01388387     19531.52
      7192.8     1.057099    0.7787835    0.0137869     19532.36
        7193     1.056379    0.7814816   0.01255209     19533.28
      7193.2     1.055648     0.784237   0.01164187     19534.24
      7193.4     1.054848    0.7861814    0.0104238      19535.1
      7193.6     1.054035     0.788097  0.008815364     19536.05
      7193.8     1.053155    0.7898206  0.007865403     19536.78
        7194     1.052209    0.7912893  0.005541303     19537.43
      7194.2     1.051281    0.7924737  0.003307602     19538.36
      7194.4     1.050323      0.79253  0.001264688     19539.13
      7194.6     1.049318    0.7924667 -0.0006370534     19539.91
      7194.8     1.048296     0.792301 -0.001429703     19540.63
        7195      1.04733    0.7919641 -0.002633727      19541.5
      7195.2     1.046393    0.7913863 -0.003563493     19542.32
      7195.4     1.045431    0.7903597 -0.004099515     19543.09
      7195.6     1.044467    0.7894502 -0.004983017     19543.94
      7195.8     1.043477    0.7886845  -0.00582073     19544.63
        7196     1.042516    0.7873999 -0.006689091     19545.52
      7196.2     1.041584    0.7857031 -0.008056013     19546.54
      7196.4     1.040596     0.784099 -0.009550321     19547.43
      7196.6     1.039612    0.7822397  -0.01036987     19548.42
      7196.8     1.038672    0.7797596  -0.01153005     19549.39
        7197      1.03779    0.7774072  -0.01260568     19550.54
      7197.2     1.036907    0.7748749  -0.01285597     19551.55
      7197.4     1.035997    0.7721551  -0.01313892     19552.27
      7197.6     1.035126    0.7694748  -0.01338932     19553.03
      7197.8     1.034268    0.7668961  -0.01404513     19553.92
        7198     1.033359    0.7641635  -0.01472287     19554.85
      7198.2     1.032418     0.760919  -0.01647888     19555.68
      7198.4     1.031538    0.7576965  -0.01807259     19556.55
      7198.6     1.030733     0.753713  -0.01807474     19557.55
      7198.8     1.029856    0.7497054   -0.0178165     19558.43
        7199     1.028931    0.7464592  -0.01677719     19559.13
      7199.2     1.028065    0.7434433  -0.01605004     19559.94
      7199.4     1.027212    0.7402912  -0.01670695     19560.86
      7199.6     1.026343    0.7368654  -0.01752029      19561.6
      7199.8     1.025486    0.7330937  -0.01891238     19562.22
        7200     1.024614    0.7294271  -0.01935879     19562.96
      7200.2     1.023678    0.7251613  -0.01936933     19563.56
      7200.4     1.022739    0.7213783  -0.01973404     19564.18
      7200.6     1.021863    0.7175982  -0.01953334     19565.04
      7200.8     1.020954    0.7136399  -0.02045847     19565.84
        7201     1.019962    0.7095347  -0.02088393     19566.56
      7201.2     1.018975    0.7050116  -0.02090386     19567.35
      7201.4      1.01802    0.7008911  -0.02117313     19568.11
      7201.6     1.017017    0.6969168  -0.02097522     19568.73
      7201.8     1.015956    0.6925961  -0.02090624     19569.48
        7202      1.01486    0.6882314    -0.021167     19570.16
      7202.2      1.01377    0.6841661  -0.02135002     19570.82
      7202.4     1.012685    0.6799832  -0.02128363     19571.69
      7202.6     1.011567    0.6755161  -0.02205846     19572.49
      7202.8     1.010445    0.6712045   -0.0226416     19573.31
        7203     1.009319    0.6665193  -0.02273286     19574.17
      7203.2     1.008211    0.6618699   -0.0227205     19575.15
      7203.4     1.007119    0.6573298  -0.02208001     19576.01
      7203.6      1.00604    0.6530281   -0.0218608     19576.75
      7203.8     1.005005    0.6488553  -0.02164295     19577.64
        7204     1.003974    0.6443813  -0.02124179     19578.32
      7204.2     1.002972    0.6400155  -0.02107903     19578.95
      7204.4     1.001971    0.6360346  -0.02092938     19579.46
      7204.6     1.000983    0.6319921  -0.02077043     19580.12
      7204.8      1.00005    0.6276378  -0.02077679        19581
        7205    0.9991418    0.6233991  -0.02047874     19581.88
      7205.2    0.9982952    0.6194132  -0.01955267     19582.86
      7205.4    0.9974804    0.6156091  -0.01783551     19583.73
      7205.6    0.9966965    0.6119956  -0.01623729     19584.49
      7205.8    0.9958973    0.6091307  -0.01542821     19585.16
        7206    0.9951279    0.6064234  -0.01447938      19585.9
      7206.2    0.9944337    0.6032665  -0.01372573     19586.76
      7206.4    0.9937421    0.6004121  -0.01290878     19587.46
      7206.6    0.9930641    0.5981501  -0.01144474     19588.07
      7206.8    0.9924415    0.5960964  -0.01015343     19588.67
        7207    0.9918913    0.5941107 -0.008855731      19589.2
      7207.2    0.9913794    0.5922894 -0.007144539     19589.83
      7207.4    0.9908314    0.5910656 -0.005723383     19590.38
      7207.6    0.9903407    0.5903807 -0.004055857     19591.09
      7207.8    0.9899102     0.589532 -0.002401782     19591.86
        7208    0.9895256    0.5890447 -0.001263825     19592.74
      7208.2    0.9891694    0.5891441 0.0009210254     19593.56
      7208.4    0.9888242    0.5893697  0.003116462     19594.29
      7208.6    0.9884812    0.5902688  0.005191727     19595.11
      7208.8     0.988159    0.5915379  0.007036083     19595.89
        7209    0.9878461    0.5932975  0.008068025     19596.71
      7209.2    0.9875439    0.5949985  0.009333039     19597.62
      7209.4    0.9872746    0.5967232   0.01064294     19598.57
      7209.6    0.9870057    0.5990043   0.01315452      19599.3
      7209.8     0.986764    0.6018119   0.01602773      19599.9
        7210    0.9865427    0.6055222   0.01836027     19600.37
      7210.2    0.9863358    0.6095454   0.02041883     19600.82
      7210.4    0.9861234    0.6136925   0.02191924     19601.27
      7210.6    0.9859113    0.6181469   0.02358643     19601.75
      7210.8    0.9857111    0.6230575   0.02519625     19602.31
        7211    0.9855035    0.6284146   0.02742864     19602.87
      7211.2    0.9852899    0.6338495   0.03030164      19603.5
      7211.4    0.9850817    0.6400898   0.03255759     19604.33
      7211.6    0.9848943    0.6472989   0.03414212     19605.22
      7211.8    0.9847113    0.6544606   0.03503192     19605.84
        7212     0.984577    0.6611632   0.03530368     19606.39
      7212.2    0.9844752    0.6681154   0.03619378     19607.01
      7212.4    0.9843975    0.6755418   0.03790914     19607.73
      7212.6    0.9843204    0.6834157   0.03998846     19608.32
      7212.8    0.9842767    0.6914905   0.04146362     19609.06
        7213    0.9842477    0.7001061   0.04242708     19610.06
      7213.2    0.9842067    0.7087127   0.04249869     19610.89
      7213.4    0.9842086    0.7173573   0.04194392      19611.7
      7213.6    0.9842551    0.7254895    0.0418447     19612.38
      7213.8    0.9843321    0.7336613     0.042107     19613.03
        7214    0.9844137    0.7421885     0.043283     19613.82
      7214.2    0.9845077    0.7510429   0.04382975     19614.57
      7214.4    0.9846261    0.7601159   0.04366739     19615.29
      7214.6    0.9847618    0.7687251   0.04330086     19616.04
      7214.8    0.9849035    0.7771224   0.04231224     19616.67
        7215    0.9850801    0.7856836   0.04233566      19617.3
      7215.2    0.9853052    0.7939657   0.04330353     19618.06
      7215.4    0.9855693    0.8025936   0.04321834     19618.86
      7215.6    0.9858556    0.8117652   0.04303457     19619.47
      7215.8     0.986135    0.8202583   0.04200447     19619.84
        7216    0.9864815    0.8283933   0.03929085     19620.37
      7216.2    0.9868355    0.8361972   0.03714755      19620.7
      7216.4    0.9872173    0.8431979   0.03548177     19621.05
      7216.6    0.9876521    0.8499763   0.03454919     19621.44
      7216.8    0.9881299    0.8567787   0.03453585     19622.05
        7217    0.9885876    0.8638365   0.03443958     19622.53
      7217.2    0.9890967    0.8708266   0.03370214      19623.2
      7217.4    0.9896045     0.877528    0.0322658     19623.68
      7217.6    0.9901267    0.8837404   0.03041778     19624.19
      7217.8    0.9906533    0.8896492   0.02877261      19624.8
        7218    0.9911916    0.8951608   0.02748953     19625.49
      7218.2    0.9918083    0.9005461   0.02581333     19626.35
      7218.4    0.9924545    0.9057321    0.0243239     19627.25
      7218.6    0.9930644    0.9102998   0.02298412     19628.14
      7218.8    0.9936703    0.9146199   0.02140227     19628.81
        7219    0.9942923    0.9189334   0.01991607     19629.36
      7219.2    0.9949143    0.9228539   0.01790864        19630
      7219.4     0.995562    0.9262327   0.01543834     19630.57
      7219.6    0.9962256    0.9289468   0.01378313     19631.18
      7219.8    0.9968661     0.931284   0.01204303     19631.92
        7220    0.9975175    0.9338804   0.01021732     19632.79
      7220.2    0.9981305    0.9358671  0.008730219     19633.56
      7220.4    0.9986963    0.9371207  0.006054576     19634.37
      7220.6    0.9992572    0.9382682  0.003701094     19635.05
      7220.8    0.9997971     0.938724  0.002094067     19635.62
        7221     1.000352     0.938828  0.000166629     19636.62
      7221.2     1.000828    0.9387959 -0.001725129     19637.38
      7221.4       1.0013    0.9384015 -0.003779757      19638.2
      7221.6     1.001725    0.9373439 -0.005627027     19638.91
      7221.8       1.0021    0.9358042 -0.007371455     19639.56
        7222     1.002464    0.9342943  -0.00934214     19640.27
      7222.2     1.002815    0.9325044  -0.01106952     19641.18
      7222.4      1.00316    0.9298702  -0.01289859     19642.37
      7222.6     1.003473    0.9269486  -0.01537043     19643.36
      7222.8     1.003766    0.9239754  -0.01736525     19644.13
        7223     1.004031     0.920208  -0.01926281     19644.78
      7223.2     1.004233     0.915978  -0.02174184     19645.44
      7223.4     1.004397    0.9115383  -0.02271284     19646.25
      7223.6     1.004534     0.906582  -0.02310278     19646.78
      7223.8     1.004677    0.9020377  -0.02429042     19647.36
        7224     1.004837    0.8974958    -0.025496     19648.18
      7224.2      1.00497     0.892106  -0.02720897     19649.01
      7224.4     1.005053    0.8861852   -0.0292691     19649.71
      7224.6     1.005107    0.8802706  -0.02989285     19650.54
      7224.8     1.005158    0.8740805  -0.02971981     19651.28
        7225     1.005195    0.8681917  -0.02976489     19651.95
      7225.2     1.005285    0.8624093  -0.02986034     19652.73
      7225.4     1.005331    0.8564587  -0.03039247     19653.42
      7225.6     1.005341    0.8501923    -0.031081     19654.07
      7225.8     1.005357    0.8438777  -0.03207388     19654.77
        7226     1.005333    0.8375445  -0.03288981     19655.38
      7226.2     1.005256    0.8307995  -0.03317522     19656.15
      7226.4     1.005184    0.8238804  -0.03323178     19656.89
      7226.6     1.005154    0.8173375  -0.03319956     19657.58
      7226.8     1.005103    0.8109591  -0.03356218     19658.41
        7227     1.004959    0.8042399  -0.03475135     19659.07
      7227.2     1.004779    0.7970307  -0.03600514     19659.55
      7227.4     1.004625    0.7895365  -0.03667783      19660.2
      7227.6     1.004443     0.782155   -0.0367939     19660.94
      7227.8     1.004213    0.7748976  -0.03654141     19661.54
        7228     1.003934    0.7675956  -0.03613686     19662.23
      7228.2     1.003683    0.7603033  -0.03656284     19663.12
      7228.4     1.003457    0.7532455  -0.03689905     19664.03
      7228.6     1.003186    0.7456474  -0.03703623     19664.86
      7228.8     1.002864    0.7380763  -0.03703263     19665.45
        7229     1.002534    0.7306744  -0.03609856     19666.15
      7229.2     1.002206    0.7236194  -0.03487441     19666.77
      7229.4     1.001842    0.7167685  -0.03362354     19667.48
      7229.6     1.001464    0.7101768  -0.03359963     19667.97
      7229.8     1.001117    0.7037755  -0.03438666     19668.36
        7230     1.000753    0.6967397  -0.03508544     19669.03
      7230.2     1.000365    0.6892592   -0.0353574     19669.75
      7230.4    0.9999964    0.6821084  -0.03486237     19670.44
      7230.6    0.9996639    0.6754896  -0.03432777     19671.24
      7230.8    0.9993016    0.6688498  -0.03370323     19671.88
        7231    0.9989061     0.661797  -0.03330367     19672.49
      7231.2    0.9985627    0.6551458  -0.03368924     19673.29
      7231.4    0.9982244    0.6488467  -0.03357382     19673.76
      7231.6    0.9978982    0.6418984  -0.03359885      19674.3
      7231.8    0.9975974    0.6349379   -0.0337922     19675.03
        7232    0.9972897    0.6282668  -0.03268834      19675.3
      7232.2    0.9970257    0.6218129  -0.03121724     19675.78
      7232.4    0.9968127    0.6157477  -0.03026957      19676.5
      7232.6    0.9966298    0.6099641  -0.02915719     19677.13
      7232.8    0.9964685    0.6040511  -0.02822342     19677.53
        7233    0.9963236    0.5984872  -0.02716785     19677.99
      7233.2    0.9962214     0.593169  -0.02579288     19678.33
      7233.4    0.9961539    0.5882298  -0.02499165     19678.62
      7233.6    0.9961148    0.5834168  -0.02411252     19679.14
      7233.8    0.9960764    0.5784938  -0.02331331     19679.85
        7234    0.9960908    0.5738789   -0.0226734     19680.66
      7234.2    0.9961405    0.5695792  -0.02214331     19681.28
      7234.4    0.9961879    0.5652781  -0.02227365     19681.84
      7234.6    0.9962619    0.5607792  -0.02240776      19682.6
      7234.8    0.9963531      0.55606  -0.02169996     19683.36
        7235    0.9964887     0.551653  -0.02044121     19684.13
      7235.2    0.9966449    0.5479181  -0.01923087     19684.83
      7235.4    0.9967797    0.5444262  -0.01874754     19685.39
      7235.6    0.9969379    0.5406753   -0.0181555     19686.12
      7235.8    0.9970883     0.536655  -0.01716181      19686.7
        7236    0.9972898    0.5333937  -0.01593951     19687.33
      7236.2    0.9975151    0.5306968  -0.01428811      19688.1
      7236.4    0.9977425    0.5279237  -0.01314565     19688.91
      7236.6    0.9979542    0.5252245  -0.01295246     19689.56
      7236.8    0.9981988    0.5228772  -0.01226072     19690.16
        7237    0.9984379    0.5203348  -0.01124206      19690.9
      7237.2    0.9986788    0.5181151  -0.01041774     19691.53
      7237.4    0.9989195    0.5162308 -0.008906856        19692
      7237.6    0.9991457     0.514543 -0.007784785     19692.49
      7237.8    0.9993766    0.5132093  -0.00713929     19693.08
        7238    0.9996269    0.5118873 -0.006543349     19693.59
      7238.2     0.999893    0.5105194 -0.006113546     19694.01
      7238.4     1.000157    0.5093083 -0.005317449     19694.61
      7238.6     1.000421    0.5083185 -0.004304518     19695.35
      7238.8     1.000711    0.5076334 -0.003211701     19696.28
        7239      1.00102    0.5070758 -0.002259096     19697.35
      7239.2     1.001287     0.506739 -0.001745366     19697.99
      7239.4     1.001501    0.5065112 -0.001313952     19698.76
      7239.6     1.001721    0.5062371 -0.0002674334     19699.51
      7239.8     1.001976    0.5060246 0.0005738895     19700.36
        7240     1.002202     0.506525  0.002125887      19701.1
      7240.2     1.002404    0.5069703   0.00378537     19701.64
      7240.4     1.002591    0.5079378  0.003736953     19702.12
      7240.6      1.00275    0.5090529   0.00376185     19702.69
      7240.8     1.002892    0.5095146  0.003528743     19703.42
        7241     1.003051    0.5099798  0.003376358     19704.28
      7241.2     1.003208    0.5107608  0.004241776     19705.17
      7241.4     1.003329     0.511754   0.00536517     19705.98
      7241.6     1.003444     0.512908   0.00656506     19706.75
      7241.8     1.003584    0.5142719  0.007259849     19707.77
        7242     1.003702    0.5160128  0.007085265     19708.71
      7242.2     1.003773    0.5175619  0.007007595     19709.38
      7242.4     1.003824    0.5185762  0.007008999     19710.32
      7242.6     1.003853     0.519878  0.007150605     19711.18
      7242.8     1.003881      0.52162  0.007905604     19711.82
        7243     1.003854    0.5232824  0.008464888     19712.15
      7243.2     1.003814    0.5249007  0.008943758     19712.71
      7243.4     1.003744    0.5266499  0.009317341     19713.09
      7243.6     1.003648     0.528775  0.009407196     19713.55
      7243.8     1.003572    0.5307362  0.009720936     19714.14
        7244     1.003516    0.5324264  0.009788664     19714.93
      7244.2     1.003479    0.5344267  0.009727563     19715.81
      7244.4     1.003409     0.536606   0.01039596      19716.5
      7244.6     1.003318    0.5385183   0.01099702     19717.31
      7244.8     1.003268    0.5407432   0.01090282     19718.26
        7245     1.003256    0.5432243   0.01108713     19719.14
      7245.2     1.003276    0.5453282   0.01129877     19719.96
      7245.4     1.003299     0.547388   0.01096543     19720.54
      7245.6     1.003306    0.5497822   0.01039233     19721.02
      7245.8      1.00334    0.5519966  0.009942229     19721.66
        7246      1.00342    0.5536421  0.009057181     19722.38
      7246.2     1.003556    0.5553418  0.008169662     19723.26
      7246.4     1.003665     0.557028  0.008274182     19724.01
      7246.6     1.003747    0.5585324  0.008233332     19724.62
      7246.8     1.003824    0.5602614  0.007990597     19725.21
        7247     1.003895    0.5619284  0.007515384     19725.77
      7247.2     1.003955    0.5634205  0.006379284     19726.45
      7247.4     1.004026    0.5645447  0.005857987     19727.16
      7247.6     1.004088    0.5653649  0.005822225     19727.86
      7247.8     1.004117    0.5666148  0.005563441     19728.72
        7248     1.004062    0.5680782  0.005157214      19729.7
      7248.2     1.003904    0.5689954  0.004103016      19730.4
      7248.4     1.003683    0.5694906  0.002854531     19731.05
      7248.6     1.003372    0.5698972  0.002582604     19731.81
      7248.8     1.002989    0.5703619  0.002771203     19732.55
        7249     1.002563    0.5710615  0.002525339     19733.28
      7249.2     1.002015    0.5717076  0.002080765     19733.75
      7249.4     1.001394    0.5719175  0.001717288     19734.29
      7249.6     1.000774    0.5720265  0.001302627     19735.26
      7249.8       1.0001    0.5724353  0.000905156     19735.94
        7250    0.9994181    0.5727497  0.000302851      19736.4
        7252    0.9937405    0.5654507  -0.00630143     19743.59
        7254     0.990906    0.5513135 -0.005008005     19751.88
        7256    0.9915443    0.5403207 -0.002972771     19759.79
        7258    0.9947892    0.5371165 -6.154044e-05     19766.72
        7260     1.000034    0.5416686  0.002530916     19774.03
        7262     1.005589    0.5508212   0.00371604     19781.72
        7264     1.010394     0.560568  0.004159975     19789.58
        7266     1.014577    0.5668449   0.00474112     19795.99
        7268     1.017791    0.5749484  0.005829114     19802.59
        7270     1.019331    0.5887501  0.007195507     19809.71
        7272     1.019481    0.6072009   0.00744986     19817.41
        7274     1.020278    0.6244089  0.006386863     19824.01
        7276     1.022876    0.6345473  0.005081943     19829.77
        7278     1.026737     0.639845  0.004306778     19835.97
        7280     1.030229    0.6478565  0.004422739     19842.49
        7282     1.032404    0.6588632  0.005237022     19848.92
        7284     1.033404    0.6699292   0.00483934     19856.02
        7286     1.033314    0.6817412  0.002549259     19862.44
        7288     1.032063    0.6865712 -0.001641955     19869.95
        7290     1.030142    0.6792572  -0.00731361     19877.39
        7292     1.028158    0.6567935  -0.01264804     19884.87
        7294     1.026283    0.6232323  -0.01652301     19892.43
        7296     1.024204    0.5853869   -0.0177162     19898.89
        7298     1.021603    0.5470732  -0.01707172     19905.67
        7300     1.018511     0.515064  -0.01509189     19912.51
        7302      1.01466    0.4866586  -0.01243359     19918.32
        7304     1.010206    0.4646518  -0.00999188     19924.64
        7306     1.005461    0.4476045 -0.007168142      19930.7
        7308     1.001052    0.4351289 -0.004665153     19936.46
        7310    0.9968066    0.4293134 -0.002753624     19942.96
        7312    0.9926726    0.4273305 -0.001542237     19948.69
        7314    0.9881805    0.4255755 -0.001158735      19955.7
        7316    0.9836268     0.422791 -0.001399035     19963.55
        7318    0.9797132    0.4200436  -0.00161669      19970.3
        7320    0.9770284    0.4161383 -0.001596063     19976.84
        7322    0.9760245     0.412642 -0.001671701     19983.86
        7324    0.9767837    0.4100225 -0.001558865      19990.1
        7326    0.9792829    0.4066699  -0.00168435     19997.21
        7328    0.9831451    0.4036673  -0.00236526     20002.62
        7330     0.987899    0.3991672  -0.00319572     20008.51
        7332    0.9931658    0.3911004 -0.003890049     20014.66
        7334    0.9984595    0.3811042 -0.004101488     20021.24
        7336     1.003652    0.3725469 -0.003328558     20028.02
        7338     1.008603    0.3663553 -0.001619943     20034.65
        7340     1.013013     0.364472 0.0007504845     20040.36
        7342     1.016506    0.3681446  0.003333561     20046.19
        7344     1.018907    0.3785508  0.005588946     20053.22
        7346     1.020055    0.3930238  0.007115423     20060.15
        7348     1.019886    0.4091835  0.007593877     20065.86
        7350     1.018599     0.425068  0.007330354     20071.99
        7352     1.016721    0.4393018  0.006713102     20078.46
        7354     1.014852    0.4516666  0.006032399     20084.73
        7356     1.013368    0.4628884  0.005423062     20090.71
        7358     1.011701    0.4733272   0.00473764     20097.91
        7360     1.009834    0.4826863  0.003753315     20104.92
        7362       1.0078    0.4895677  0.002371524     20111.21
        7364     1.005621    0.4929149 0.0004647543     20117.15
        7366     1.003179    0.4922994 -0.001735489     20123.01
        7368     1.000503    0.4864044 -0.004216598     20129.06
        7370    0.9977958    0.4756838 -0.006984856     20135.13
        7372    0.9952127    0.4591821 -0.009779309        20140
        7374    0.9933132    0.4364206  -0.01254234     20144.82
        7376    0.9918695    0.4081699    -0.014755      20150.7
        7378    0.9911877    0.3753451  -0.01571403     20157.84
        7380    0.9907646    0.3411421  -0.01516961      20163.7
        7382    0.9904063    0.3107083  -0.01299556     20169.38
        7384    0.9899045     0.286813 -0.009692538     20175.95
        7386    0.9893932    0.2713806 -0.006123954        20182
        7388    0.9888148    0.2636018 -0.002905835     20187.38
        7390    0.9883921    0.2617167 -0.0005727673     20193.16
        7392    0.9882995    0.2635663 0.0007387781     20198.87
        7394    0.9887282    0.2667984  0.001084346     20205.73
        7396    0.9900179     0.269512 0.0007062491     20211.53
        7398    0.9920745    0.2703915 -9.770859e-05     20217.68
        7400    0.9946593    0.2692163 -0.0007747387     20223.37
        7402    0.9976153    0.2660168  -0.00122123     20228.76
        7404     1.000641    0.2633141 -0.001303943     20234.88
        7406     1.003542    0.2606216  -0.00106773      20241.2
        7408     1.006147    0.2587848 -0.0009137454     20247.25
        7410     1.008338    0.2574749 -0.0007915612     20253.11
        7412     1.010065    0.2560041 -0.0008368307     20258.93
        7414     1.011321    0.2542891  -0.00115406     20265.24
        7416        1.012    0.2520901 -0.001606145     20270.67
        7418      1.01226    0.2482425 -0.002219109     20275.89
        7420     1.012044     0.243155 -0.002957737     20281.62
        7422     1.011399    0.2365363 -0.003445558     20287.04
        7424     1.010306    0.2284282 -0.003450968     20291.91
        7426     1.008867     0.220678 -0.002993353     20297.82
        7428     1.007032    0.2155472 -0.002180948     20304.52
        7430      1.00505    0.2125894 -0.001331708     20311.45
        7432     1.003083    0.2109807 -0.0006572769     20317.58
        7434     1.001093    0.2100243 -1.825513e-05     20324.24
        7436    0.9989907     0.210289 0.0007670659     20329.97
        7438    0.9966618    0.2124434  0.001618046     20335.56
        7440    0.9943713    0.2171172   0.00232771     20340.99
        7442    0.9921036    0.2229687   0.00284789      20346.7
        7444    0.9902232    0.2289107   0.00281505      20351.9
        7446    0.9886171    0.2352265  0.002379915      20356.7
        7448    0.9873611    0.2396376  0.001618694     20361.99
        7450    0.9865833     0.242008 0.0006423386     20368.49
        7452    0.9861997    0.2418602 -0.0003352409     20374.26
        7454    0.9862658    0.2403652 -0.000977516     20379.06
        7456    0.9865735    0.2369557 -0.001475893     20384.32
        7458    0.9873204    0.2341879 -0.001946297     20390.54
        7460    0.9884073    0.2300531 -0.002367297     20396.42
        7462     0.989512    0.2247948 -0.003093228     20402.28
        7464    0.9904861    0.2180173 -0.003849303     20407.94
        7466    0.9913712    0.2094421 -0.004542629     20413.21
        7468    0.9922113    0.1992587 -0.005021147     20418.69
        7470    0.9930787    0.1884538 -0.005202095     20423.82
        7472    0.9940626    0.1778481 -0.005045834      20429.9
        7474    0.9950795    0.1678253 -0.004715269     20436.58
        7476    0.9962161     0.158892 -0.004308923     20441.35
        7478    0.9972727    0.1507317 -0.004048589     20447.02
        7480    0.9981276    0.1433767 -0.004044859     20452.73
        7482    0.9987619    0.1354366 -0.004134117     20458.12
        7484    0.9991303    0.1265331 -0.004317651     20462.32
        7486    0.9993248    0.1176587 -0.004413004     20466.63
        7488    0.9992999    0.1088355 -0.004231834        20471
        7490    0.9991357    0.1001326 -0.003840067     20476.58
        7492    0.9987527   0.09267844 -0.003235877     20481.71
        7494    0.9983727   0.08693819 -0.002423859     20487.24
        7496    0.9979899    0.0829485 -0.001621579      20492.9
        7498    0.9977072   0.08074169 -0.0009367637     20498.41
        7500    0.9973654    0.0797058 -0.0004680864     20503.09
        7502    0.9970461   0.07944408 -0.0003468248     20508.49
        7504    0.9968281   0.07920381 -0.0004228424      20514.1
        7506    0.9965306    0.0779671 -0.0006733683     20519.21
        7508    0.9963305   0.07632306 -0.001040309     20524.24
        7510     0.995919   0.07405713  -0.00135148     20528.59
        7512     0.995536   0.07088134 -0.001610826     20533.19
        7514    0.9952502   0.06715525 -0.001849997     20537.78
        7516    0.9950083   0.06343645 -0.001857299     20539.22
        7518    0.9949097   0.05925716 -0.001746271     20529.56
        7520    0.9947188   0.05602294 -0.001384875     20513.89
        7522    0.9947718   0.05318509 -0.0009500968     20511.46
        7524    0.9956387   0.05235745 -0.001235619     20431.96
        7526    0.9965407   0.05165639 -0.0006401575     20230.24
        7528    0.9941189   0.04613799 -0.001453013      20271.5
        7530    0.9960075   0.04806383 -0.001257661     20280.19
        7532    0.9927349   0.04073335 -0.0009432132     20363.86
        7534    0.9947724    0.0415951 -0.001657616     20575.26
        7536    0.9948073   0.03859228 -0.001206547     20564.04
        7538    0.9947918    0.0348029 -0.001775756     20570.89
        7540    0.9949276   0.03108097 -0.001830182     20591.99
        7542    0.9951409   0.02738905  -0.00182584     20611.47
        7544    0.9954311   0.02395083 -0.001727589     20617.78
        7546    0.9956888   0.02019617  -0.00154817     20623.58
        7548    0.9958745   0.01726026 -0.001328155     20628.74
        7550    0.9960724   0.01500369 -0.0009720523     20633.24
        7552    0.9962809   0.01332559 -0.0006175491     20638.48
        7554    0.9963871   0.01241975 -0.0003073499     20642.74
        7556    0.9964022   0.01231987 -8.834989e-05      20647.9
        7558     0.996397   0.01254489 -5.416375e-05     20653.12
        7560    0.9963903   0.01261879 -0.0002288446     20658.42
        7562    0.9963642   0.01198644 -0.0005810074     20663.35
        7564    0.9963408   0.01048911 -0.000998863     20667.25
        7566    0.9962643  0.007896827 -0.001476217     20671.26
        7568    0.9962771  0.004627885 -0.002019964     20675.93
        7570    0.9963583 0.0001767108  -0.00250914     20679.84
        7572    0.9964461   -0.0056706 -0.002974716     20683.79
        7574    0.9964313   -0.0121763 -0.003387582     20688.91
        7576    0.9963407  -0.01916985 -0.003563003     20693.13
        7578    0.9962275  -0.02692394 -0.003629708     20697.08
        7580    0.9961055  -0.03417462  -0.00359831     20700.86
        7582    0.9961354  -0.04121396 -0.003324838     20703.09
        7584    0.9960305  -0.04795633 -0.003004092     20705.54
        7586     0.996032  -0.05352265 -0.002720545     20709.18
        7588    0.9959819  -0.05820736 -0.002302928     20712.95
        7590    0.9959583  -0.06297832 -0.001996538     20716.85
        7592    0.9958959  -0.06637975 -0.001747202     20720.89
        7594    0.9957453  -0.06949495 -0.001460545     20723.78
        7596     0.995589  -0.07218498 -0.001362606     20726.64
        7598    0.9954887  -0.07466268 -0.001366206     20729.89
        7600    0.9953476   -0.0772806 -0.001472942     20735.19
        7602     0.995178   -0.0804246 -0.001644275     20740.26
        7604    0.9949705  -0.08396851 -0.001849375     20744.79
        7606    0.9949196  -0.08781688 -0.002044835     20749.78
        7608    0.9948525   -0.0920756 -0.002149456     20754.35
        7610    0.9949468  -0.09678328 -0.002208155     20758.18
        7612    0.9950431   -0.1011642  -0.00215192     20762.18
        7614    0.9953015   -0.1054821 -0.001921035     20766.16
        7616    0.9956997    -0.109291 -0.001638015     20771.19
        7618    0.9962013   -0.1121516 -0.001347775     20776.32
        7620    0.9968123   -0.1142683  -0.00109584     20781.33
        7622    0.9973012   -0.1162643 -0.001006999     20786.19
        7624    0.9977844   -0.1180577 -0.001108989     20789.88
        7626    0.9982668   -0.1202076 -0.001258869     20794.18
        7628    0.9986113   -0.1231402 -0.001491965     20798.67
        7630     0.998736   -0.1263353 -0.001758172      20802.8
        7632    0.9986925   -0.1299934 -0.001975368     20807.32
        7634    0.9985147   -0.1342729  -0.00213507     20811.12
        7636    0.9981979   -0.1389431 -0.002311238     20815.51
        7638    0.9979063   -0.1434158 -0.002392892     20820.59
        7640    0.9974445   -0.1484833 -0.002363792     20825.55
        7642    0.9970561   -0.1534161 -0.002310016     20829.38
        7644    0.9967266   -0.1578535 -0.002160209     20833.49
        7646    0.9964209    -0.161896 -0.002005626     20838.05
        7648     0.996213    -0.165765 -0.001860913     20842.13
        7650    0.9959189   -0.1694611 -0.001724329     20846.74
        7652    0.9957949   -0.1727408 -0.001617679     20850.99
        7654    0.9957207   -0.1756906 -0.001484461     20855.28
        7656    0.9957772   -0.1787064  -0.00139321     20859.87
        7658    0.9958341   -0.1813368 -0.001303483      20863.9
        7660    0.9958419   -0.1838864 -0.001146391      20867.9
        7662    0.9959734   -0.1861185  -0.00102936     20872.35
        7664    0.9959911   -0.1878775 -0.0009232307     20876.19
        7666    0.9960981   -0.1895716 -0.0008626395     20880.56
        7668    0.9960504   -0.1912723 -0.0008529852     20883.86
        7670    0.9959682   -0.1930196 -0.0008789518     20887.32
        7672    0.9960271   -0.1947014 -0.0008712931     20891.39
        7674    0.9961724   -0.1966033 -0.0008799368     20895.57
        7676    0.9963551   -0.1982426 -0.0009086284     20899.85
        7678    0.9965289   -0.2000591 -0.0009960532     20904.39
        7680    0.9967888   -0.2019705 -0.001121481     20909.92
        7682    0.9969928   -0.2045717 -0.001276991     20914.82
        7684    0.9972129   -0.2072145 -0.001495785     20919.63
        7686    0.9974471    -0.210275 -0.001641411     20923.42
        7688    0.9975899   -0.2139367 -0.001777066      20926.8
        7690    0.9977533    -0.217703 -0.001880115     20930.02
        7692    0.9980428    -0.221431 -0.001923808     20934.18
        7694    0.9983498   -0.2253159 -0.001966714     20938.97
        7696    0.9986884   -0.2293272   -0.0019613     20943.45
        7698    0.9989932   -0.2334367 -0.001922524      20947.1
        7700    0.9992878   -0.2371214 -0.001848499     20950.58
        7702    0.9995616   -0.2406961 -0.001756834     20954.77
        7704    0.9998418   -0.2441152 -0.001609906     20959.06
        7706     1.000069   -0.2474913 -0.001300046     20962.92
        7708     1.000249   -0.2500007 -0.001130924     20966.55
        7710     1.000394   -0.2510965 -0.001107214     20969.74
        7712     1.000489   -0.2531626 -0.001093988     20974.44
        7714     1.000585   -0.2563491 -0.001246107     20978.63
        7716      1.00062   -0.2587526  -0.00117748     20983.45
        7718      1.00058   -0.2610653 -0.0009083737     20987.44
        7720     1.000549   -0.2625824 -0.0007536293     20990.52
        7722     1.000491   -0.2636161 -0.0007368233     20994.03
        7724     1.000506   -0.2647816 -0.0009294076     20997.37
        7726     1.000425   -0.2669599  -0.00115739     21000.54
        7728     1.000334   -0.2700177 -0.001303972     21003.91
        7730     1.000301   -0.2728752 -0.001326508     21007.78
        7732     1.000256   -0.2752134 -0.001356966     21011.29
        7734     1.000274    -0.277572 -0.001438345     21014.85
        7736     1.000216   -0.2808734 -0.001594386     21018.33
        7738     1.000179   -0.2843819  -0.00173412     21021.39
        7740     1.000137   -0.2879685 -0.001725316     21024.73
        7742      1.00012   -0.2914449 -0.001697846        21029
        7744     1.000122   -0.2946759 -0.001627816     21032.87
        7746    0.9999848   -0.2979647 -0.001520311     21037.31
        7748    0.9999332    -0.300991 -0.001365624     21041.04
        7750    0.9998262   -0.3036074 -0.001215185     21044.13
        7752    0.9997893   -0.3056009 -0.001165586     21047.94
        7754    0.9997495   -0.3076862 -0.001203052     21051.81
        7756    0.9995915   -0.3103157 -0.001409052     21055.04
        7758    0.9995145   -0.3132319 -0.001617142     21057.67
        7760    0.9994266   -0.3168733 -0.001818784     21061.43
        7762    0.9993796   -0.3206233 -0.001999093     21064.29
        7764    0.9992486   -0.3248659 -0.002050386     21067.25
        7766     0.999061   -0.3292246 -0.002097065     21069.36
        7768    0.9989745   -0.3332764 -0.002060498     21070.79
        7770    0.9989197   -0.3373998 -0.001937644     21073.08
        7772    0.9989286   -0.3413499 -0.001828837     21074.37
        7774    0.9989517   -0.3447257 -0.001737998     21075.43
        7776     0.998984   -0.3479071 -0.001662874     21074.73
        7778     0.999103   -0.3513038 -0.001570303     21071.54
        7780    0.9991604   -0.3546529 -0.001091956     21062.47
        7782    0.9995488   -0.3572882 -0.0005442355      21034.5
        7784     1.001443   -0.3566428 -0.001993589     20802.08
        7786     1.003418   -0.3556577 -0.002823716     20247.57
        7788     0.996304   -0.3706016 -0.002013185     20079.36
        7790    0.9949039   -0.3798779 -0.002378599      20229.5
        7792     0.999864   -0.3727483 -0.0008076717     21087.88
        7794     1.000228   -0.3746865 1.820675e-05     21124.57
        7796     1.000272    -0.377063 -0.001152912     21133.25
        7798     1.000416   -0.3797322 -0.001189684     21139.67
        7800     1.000538   -0.3819716 -0.001154751     21144.59
        7802     1.000718    -0.384204 -0.001107194     21147.84
        7804     1.000827    -0.386301  -0.00114617     21151.41
        7806     1.000877   -0.3885898  -0.00121326     21154.44
        7808     1.000926   -0.3911409 -0.001282816     21157.89
        7810     1.001063     -0.39391 -0.001356333     21161.94
        7812     1.001216   -0.3965635 -0.001403997     21164.13
        7814     1.001349   -0.3994405 -0.001487271     21167.52
        7816     1.001383   -0.4023729 -0.001572914     21170.03
        7818     1.001425   -0.4058082 -0.001596423     21171.97
        7820     1.001522   -0.4091469 -0.001610564     21175.14
        7822       1.0016   -0.4122118 -0.001580274     21178.81
        7824     1.001628   -0.4152574 -0.001547257     21182.21
        7826     1.001633   -0.4184504 -0.001559203     21185.55
        7828     1.001634   -0.4215249 -0.001556321     21188.59
        7830     1.001679   -0.4246855 -0.001541288      21191.3
        7832     1.001748    -0.427708 -0.001546714     21193.72
        7834     1.001771   -0.4307807 -0.001498175     21197.55
        7836      1.00174   -0.4338986 -0.001467703     21201.14
        7838     1.001782   -0.4366709  -0.00142569     21204.26
        7840     1.001842   -0.4394496 -0.001365666     21207.67
        7842     1.001919   -0.4421862 -0.001381769     21210.67
        7844     1.001887    -0.444824 -0.001394392     21213.87
        7846     1.001843    -0.447725 -0.001405722      21216.8
        7848     1.001866   -0.4506047 -0.001432635     21219.97
        7850     1.001929    -0.453432  -0.00143879     21222.35
        7852     1.001993    -0.456285 -0.001482164     21224.85
        7854     1.001932   -0.4592353 -0.001531755     21227.59
        7856     1.001881    -0.462462 -0.001564208     21230.47
        7858     1.001882   -0.4656861 -0.001562813     21233.15
        7860     1.001887   -0.4687987 -0.001532327      21236.2
        7862      1.00187   -0.4717378 -0.001461928     21239.52
        7864     1.001812   -0.4747207 -0.001401049     21242.42
        7866     1.001741   -0.4773815 -0.001405694     21245.35
        7868     1.001728   -0.4800071 -0.001395696     21248.65
        7870     1.001748   -0.4829834 -0.001440358     21250.91
        7872     1.001782   -0.4858862 -0.001496747      21254.1
        7874     1.001787   -0.4889043 -0.001537962      21257.7
        7876     1.001809   -0.4919811 -0.001560927     21262.42
        7878     1.001832   -0.4952871 -0.001581674     21265.65
        7880     1.001894   -0.4983736 -0.001626842     21268.43
        7882     1.001988   -0.5015577 -0.001648839     21271.73
        7884     1.001999   -0.5049958 -0.001679573      21275.1
        7886     1.002016   -0.5084778 -0.001725695     21278.11
        7888     1.002063   -0.5118102 -0.001744195        21281
        7890     1.002124   -0.5153633 -0.001723335     21284.27
        7892     1.002249   -0.5189494 -0.001736482     21287.49
        7894     1.002298   -0.5222645 -0.001721055     21289.96
        7896     1.002287   -0.5257021 -0.001703611     21292.97
        7898     1.002403   -0.5291317 -0.001654666     21296.46
        7900     1.002441   -0.5325783 -0.001580716     21299.58
        7902     1.002504   -0.5355018   -0.0014823     21302.13
        7904     1.002526   -0.5383478 -0.001362633     21306.44
        7906     1.002545   -0.5409901 -0.001360925     21311.05
        7908     1.002582   -0.5434793 -0.001311052     21314.83
        7910     1.002578   -0.5463892 -0.001228577     21318.08
        7912     1.002641   -0.5488362 -0.001107514     21319.89
        7914     1.003079   -0.5508187 -0.001174805     21266.34
        7916     1.004458   -0.5523394 -0.001519082     20997.32
        7918     1.004916   -0.5557877 -0.001563452     20728.11
        7920     1.002476   -0.5609889 -0.001671352     21024.52
        7922     1.002495   -0.5633264 -0.001583924     21248.97
        7924     1.003041   -0.5657103 -0.001280794     21297.14
        7926     1.003213    -0.568459 -0.001341221     21310.55
        7928     1.003653   -0.5712352 -0.001393084     21317.63
        7930     1.004849   -0.5740561  -0.00141417      21323.9
        7932     1.007238   -0.5768549 -0.001410126     21327.99
        7934     1.008956   -0.5797724 -0.001367645     21332.49
        7936     1.007753   -0.5825162  -0.00133688     21336.73
        7938     1.005945   -0.5849973 -0.001274768        21340
        7940     1.004961     -0.58755 -0.001205469     21343.07
        7942     1.004657   -0.5899705  -0.00121482     21346.17
        7944     1.004516     -0.59216 -0.001196934     21349.01
        7946     1.004468   -0.5947158  -0.00119431     21352.19
        7948     1.004537   -0.5971254 -0.001232301     21355.25
        7950     1.004543    -0.599525 -0.001230905     21357.92
        7952     1.004603   -0.6020184 -0.001247335      21360.9
        7954     1.004638   -0.6045631 -0.001288206     21363.22
        7956     1.004674   -0.6071041 -0.001312242     21366.21
        7958     1.004767   -0.6098307  -0.00132907     21368.94
        7960     1.004886   -0.6125163 -0.001354472     21371.81
        7962     1.004979   -0.6151956 -0.001351607     21373.88
        7964     1.005149   -0.6179399 -0.001393873     21376.25
        7966     1.005177   -0.6206435  -0.00140766     21378.77
        7968     1.005199   -0.6236673 -0.001403954     21381.58
        7970     1.005142   -0.6264569 -0.001411665     21384.83
        7972     1.005027   -0.6291715 -0.001388839     21387.39
        7974      1.00502   -0.6319369 -0.001392778     21390.82
        7976     1.004923    -0.634778 -0.001410729     21393.13
        7978     1.004805   -0.6375991 -0.001416622     21395.99
        7980     1.004687   -0.6404574 -0.001408582     21398.65
        7982      1.00458   -0.6432698 -0.001390967     21401.18
        7984      1.00455   -0.6460467 -0.001387128     21404.25
        7986     1.004462   -0.6487269  -0.00137583     21406.75
        7988     1.004347   -0.6515544  -0.00137397     21409.85
        7990     1.004266   -0.6542765 -0.001397666     21411.92
        7992     1.004173   -0.6570384 -0.001393925     21414.16
        7994     1.004148   -0.6599082 -0.001402247     21416.18
        7996     1.004113   -0.6627058 -0.001400542     21417.94
        7998     1.004015   -0.6654944 -0.001377865     21419.22
        8000     1.003938   -0.6682428  -0.00136303     21421.36
        8002     1.003872   -0.6709311 -0.001340655     21423.35
        8004     1.003873     -0.67361 -0.001343879     21426.17
        8006     1.003863   -0.6762197 -0.001360647      21428.8
        8008     1.003777   -0.6789938 -0.001361649     21430.98
        8010     1.003754   -0.6818163 -0.001381383     21433.54
        8012     1.003713   -0.6845032 -0.001357422     21435.57
        8014     1.003638   -0.6872708 -0.001366648     21438.54
        8016     1.003619   -0.6898532 -0.001366901     21440.62
        8018     1.003624   -0.6927495 -0.001353833     21443.38
        8020      1.00357   -0.6954384 -0.001374486     21445.31
        8022     1.003538   -0.6981014 -0.001328379     21447.45
        8024     1.003543   -0.7008491 -0.001333747     21448.97
        8026     1.003595   -0.7033765 -0.001359686     21451.22
        8028     1.003612   -0.7061084 -0.001357108      21453.3
        8030     1.003584   -0.7089789 -0.001376147     21455.41
        8032     1.003595   -0.7117059 -0.001376552     21457.16
        8034     1.003562   -0.7143857  -0.00134789     21458.72
        8036     1.003566   -0.7171208 -0.001344445     21460.45
        8038     1.003564    -0.719762 -0.001354332      21462.5
        8040     1.003476   -0.7224615 -0.001340816     21464.51
        8042     1.003393   -0.7252204 -0.001342171     21466.27
        8044     1.003388   -0.7278473 -0.001370503     21468.34
        8046     1.003382   -0.7304994 -0.001374638     21470.22
        8048      1.00335   -0.7334255 -0.001398434        21473
        8050     1.003295   -0.7362175 -0.001417288     21475.77
        8052     1.003226   -0.7390348 -0.001412442     21477.97
        8054     1.003174   -0.7418377 -0.001412019     21480.05
        8056     1.003143   -0.7447251 -0.001420705     21482.99
        8058     1.003155   -0.7475136 -0.001427741     21485.03
        8060     1.003111   -0.7504005 -0.001431601     21487.05
        8062     1.003074   -0.7532596 -0.001435491     21489.37
        8064     1.003033   -0.7561779 -0.001430928     21490.85
        8066     1.003031   -0.7589975  -0.00142426     21492.61
        8068     1.003036   -0.7618479 -0.001389076     21494.13
        8070      1.00301   -0.7646537 -0.001358983     21495.72
        8072     1.002915   -0.7672905 -0.001352867     21496.66
        8074     1.002891   -0.7698694 -0.001355327     21498.85
        8076     1.002835   -0.7726708   -0.0013451     21500.25
        8078     1.002864   -0.7754963 -0.001353432     21502.07
        8080     1.002831   -0.7780513 -0.001326388     21503.41
        8082     1.002666   -0.7806969 -0.001294024     21505.75
        8084     1.002611   -0.7832819 -0.001298581     21507.42
        8086     1.002492   -0.7858485  -0.00128779     21508.17
        8088     1.002377   -0.7884399 -0.001285359     21510.03
        8090     1.002373   -0.7909992 -0.001269404     21512.28
        8092     1.002306   -0.7935648 -0.001242465     21514.48
        8094     1.002214   -0.7960037 -0.001214006     21516.76
        8096     1.002098   -0.7983796 -0.001172323     21518.47
        8098     1.002051   -0.8007112 -0.001192178     21521.01
        8100     1.002027   -0.8029434 -0.001218138     21522.12
        8102     1.001916   -0.8055412 -0.001244886     21523.19
        8104     1.001728   -0.8081247 -0.001267185     21524.32
        8106     1.001691   -0.8106703 -0.001244824     21526.48
        8108     1.001583   -0.8130808 -0.001248858     21528.09
        8110     1.001521   -0.8154998 -0.001247911     21530.21
        8112      1.00148   -0.8181156 -0.001271985     21531.85
        8114     1.001273   -0.8206536 -0.001291543     21533.06
        8116     1.001126   -0.8232567 -0.001282623     21534.94
        8118     1.001017   -0.8258321 -0.001286483     21536.94
        8120     1.000892   -0.8283766 -0.001292008     21538.47
        8122     1.000841   -0.8309455 -0.001281189     21538.76
        8124     1.000698   -0.8335928 -0.001270729     21540.06
        8126     1.000526   -0.8360816 -0.001260547     21541.54
        8128     1.000385   -0.8385424 -0.001245847     21542.77
        8130     1.000255   -0.8410298 -0.001242014     21543.53
        8132      1.00018   -0.8435596 -0.001243881     21543.59
        8134     1.000028   -0.8460177 -0.001247076      21544.2
        8136    0.9998607   -0.8484935 -0.001240839     21546.08
        8138    0.9997456   -0.8510064 -0.001234676     21547.91
        8140    0.9996165   -0.8534863 -0.001251419     21549.46
        8142    0.9994883   -0.8558951 -0.001243209     21550.38
        8144    0.9994535   -0.8585048 -0.001255352      21551.5
        8146    0.9992583   -0.8609521 -0.001268686     21552.29
        8148    0.9991121   -0.8635291 -0.001258577     21552.43
        8150    0.9990097   -0.8660446 -0.001267063     21554.39
        8152    0.9988695   -0.8685734 -0.001250439     21555.69
        8154    0.9987999   -0.8710886 -0.001273379     21556.74
        8156    0.9986366   -0.8735326 -0.001260815     21558.12
        8158    0.9984998   -0.8762317 -0.001265532     21559.48
        8160     0.998359     -0.87866 -0.001272434     21559.74
        8162    0.9982353   -0.8812129 -0.001256588     21560.48
        8164    0.9981565   -0.8837121 -0.001282231     21561.69
        8166    0.9980539   -0.8862844  -0.00128303     21562.41
        8168    0.9978855   -0.8889178 -0.001311357     21563.95
        8170     0.997714   -0.8914771 -0.001291513     21564.56
        8172    0.9976472   -0.8942029 -0.001274402     21566.11
        8174    0.9975271   -0.8966165 -0.001279809     21567.52
        8176    0.9974792    -0.899113 -0.001271015     21569.36
        8178    0.9973548   -0.9017156 -0.001287395     21569.82
        8180    0.9972402   -0.9043711 -0.001288034      21570.3
        8182    0.9971558   -0.9069156 -0.001273798     21571.44
        8184    0.9969843   -0.9094173 -0.001259978      21572.8
        8186    0.9969128    -0.911906 -0.001252717     21574.89
        8188    0.9968286   -0.9144509  -0.00126088     21576.15
        8190    0.9966588   -0.9169374 -0.001264193     21577.04
        8192    0.9965031   -0.9195043 -0.001249243     21578.33
        8194    0.9963949   -0.9220195 -0.001250764     21579.43
        8196    0.9962129   -0.9244448 -0.001248207     21579.86
        8198    0.9961855   -0.9269435 -0.001247333     21581.74
        8200    0.9960167     -0.92949 -0.001257013     21582.86
        8202    0.9958627   -0.9319982 -0.001260059     21583.85
        8204    0.9957231   -0.9345009 -0.001252987     21585.21
        8206    0.9955974   -0.9370239 -0.001253798     21586.64
        8208    0.9954825   -0.9395139 -0.001253933     21587.58
        8210    0.9953746   -0.9420286 -0.001249621     21588.43
        8212    0.9951299   -0.9445324 -0.001241844     21588.95
        8214    0.9949845   -0.9470209 -0.001249572     21589.96
        8216    0.9947803   -0.9494486 -0.001250459     21590.29
        8218    0.9946485   -0.9520252 -0.001243247     21591.53
        8220    0.9945378   -0.9545361 -0.001246724     21592.43
        8222    0.9943456   -0.9569669 -0.001251588     21593.77
        8224    0.9941145   -0.9594224  -0.00126156     21594.96
        8226    0.9939977   -0.9620379 -0.001265154     21595.87
        8228    0.9938462   -0.9646286 -0.001269773     21595.43
        8230    0.9937565   -0.9670881 -0.001248422     21597.02
        8232    0.9935466   -0.9695806 -0.001228054     21596.96
        8234    0.9932775   -0.9720252 -0.001239864        21598
        8236    0.9931284    -0.974453 -0.001228129     21599.14
        8238    0.9929933    -0.977007 -0.001200432     21599.79
        8240    0.9928113   -0.9794057 -0.001200265     21600.49
        8242     0.992659   -0.9816287 -0.001185317     21601.34
        8244    0.9924481   -0.9840551 -0.001168417     21602.66
        8246    0.9922173   -0.9864896 -0.001178954     21603.75
        8248    0.9920364    -0.988753 -0.001160069      21604.1
        8250    0.9918497   -0.9910603 -0.001139775     21604.42
