# This file has been produced by extranormal (v 1.0.1 - February 23, 2017)
# O. Roudenko - Synchrotron SOLEIL. Covered by GPL licence.
#Data from HDF File: /nfs/ruche-rock/rock-soleil/com-rock/2021/Projets/20210209_Hilde/InSitu/10Ni-10Fe_50BN/10Ni-10Fe_50BN_RT_air/10Ni-10Fe_50BN_RT_air_00002.nxs to 10Ni-10Fe_50BN_RT_air_00202.nxs
#Time at start=2021-02-09 19:06:02.773
#Time from start (seconds)=505.421413499
#Sample temperature (C)=24.3
# Normalization -------------
# pivot spectrum: Pivot_Fe_10Ni-10Fe_50BN_RT_air_av2000_00001.txt
# E0=7112.0   Eshift=1.48
# E0_pivot = 7112.0
# pre-edge params: from E0_pivot-140.0 to E0_pivot-20.0
# pre-edge range: [6972.0, 7092.0]
# post-edge params: from E0_pivot+100.0 to E0_pivot+1140.0
# post-edge range: [7212.0, 8250.0]
# I jump at E0_pivot = 1.2641927499
# shifted energy	normalized	reference	ref.derivative	I0
        6970  0.001551924     1.704097 -0.001519112     18812.29
        6972  0.001551924     1.704097 -0.001519112     18812.29
        6974  0.001449999     1.701023 -0.001588281     18820.33
        6976  0.001325819      1.69763 -0.001658565     18827.88
        6978  0.001157489     1.694055 -0.001693806     18835.68
        6980  0.001004327     1.690828 -0.001647582     18845.17
        6982 0.0008892791     1.687473 -0.001587642      18852.9
        6984 0.0008032044     1.684449 -0.001511878     18859.53
        6986  0.000688299     1.681354 -0.001479889     18866.38
        6988 0.0005360259     1.678733 -0.001525458     18873.17
        6990 0.0004387566     1.675634 -0.001530428     18880.87
        6992 0.0003372279     1.672246 -0.001623261     18888.61
        6994 0.0002288822      1.66911 -0.001623022     18896.16
        6996 0.0001566609     1.665747 -0.001638114     18905.64
        6998  8.63363e-05      1.66265 -0.001631284      18913.7
        7000 -4.428289e-05     1.659141 -0.001584203     18921.17
        7002 -0.0001162575      1.65606 -0.001505834     18929.38
        7004 -0.0001650387     1.653074 -0.001540952     18937.88
        7006 -0.0001919038     1.650603 -0.001584466     18946.66
        7008 -0.000283154     1.646813 -0.001555701     18954.46
        7010 -0.0003682499     1.643384 -0.001607901     18961.55
        7012 -0.0004409322     1.640628 -0.001528898      18970.4
        7014 -0.0004689438      1.63774 -0.001465111     18978.54
        7016 -0.0005360464     1.634582 -0.001523428     18986.17
        7018 -0.0005750324     1.631664 -0.001531914     18993.48
        7020 -0.0005950628     1.628441 -0.001563236     19000.75
        7022 -0.0006375106     1.625484 -0.001572425     19008.18
        7024 -0.0007122035     1.622076 -0.001563516     19016.62
        7026 -0.0007834432     1.619084 -0.001546725     19025.15
        7028 -0.0008055822     1.615932 -0.001507241     19033.72
        7030 -0.0007857967     1.613111 -0.001521126     19041.48
        7032 -0.000796338     1.610018 -0.001495709      19049.2
        7034 -0.0008147118     1.606915 -0.001457973     19055.96
        7036 -0.0008070342     1.603967 -0.001455474     19063.18
        7038 -0.0008210729     1.601447 -0.001454701     19071.55
        7040 -0.0008702219     1.598374 -0.001465957     19079.89
        7042 -0.0008781704     1.595278 -0.001524479     19088.97
        7044 -0.0008577486     1.592239 -0.001526159     19098.26
        7046 -0.0007969422     1.589251 -0.001542046     19106.49
        7048 -0.0008182308     1.586165 -0.001520744     19114.58
        7050 -0.0007821762     1.582941  -0.00147922     19122.02
        7052 -0.0007169165     1.580073 -0.001475611     19129.69
        7054 -0.0006496675     1.577417 -0.001479129     19137.88
        7056 -0.0006575266      1.57436 -0.001437635     19146.33
        7058 -0.0006046926     1.571108 -0.001476898     19154.42
        7060 -0.0005526301     1.568572 -0.001494328     19161.82
        7062 -0.000465308     1.565602 -0.001462063     19169.27
        7064 -0.0003967759     1.562406  -0.00146865     19176.99
        7066 -0.0003049577     1.559412 -0.001426598     19184.36
        7068 -0.0001980867     1.556823  -0.00139615     19191.66
        7070 -4.532251e-05     1.554189 -0.001405117     19199.35
        7072 7.586104e-05     1.551236  -0.00139595     19207.54
        7074 0.0002141932     1.548171 -0.001428391     19215.84
        7076 0.0003338506     1.545655  -0.00143037     19224.82
        7078 0.0004895499     1.542762 -0.001380555     19232.64
        7080 0.0006859277     1.539793 -0.001402992     19241.32
        7082 0.0009120125     1.537126 -0.001345872      19249.3
        7084  0.001177771     1.534431 -0.001313859     19257.05
        7086  0.001470181     1.531995 -0.001269469     19264.69
        7088  0.001741967     1.529282 -0.001204133     19271.53
        7090   0.00204893      1.52697 -0.001164765     19279.71
        7092  0.002426821     1.524798  -0.00107255     19288.16
        7094  0.002902459     1.522677 -0.0009665445     19296.57
        7096  0.003437709     1.520702 -0.0007794901     19303.62
        7098  0.004061479     1.519238 -0.0006969831     19311.07
        7100  0.004805725     1.518562 -0.0005533093     19319.15
      7100.2   0.00488508     1.518397 -0.0005369146     19319.93
      7100.4  0.004964436     1.518232 -0.0005205199     19320.71
      7100.6  0.005043792     1.518067 -0.0005041252     19321.49
      7100.8  0.005123147     1.517902 -0.0004877306     19322.27
        7101  0.005202503     1.517737 -0.0004713359     19323.05
      7101.2  0.005281858     1.517572 -0.0004549412     19323.83
      7101.4  0.005361214     1.517407 -0.0004385465     19324.61
      7101.6  0.005462604     1.517431 -0.0005078216     19325.32
      7101.8  0.005570732     1.517451 2.847673e-05     19326.17
        7102  0.005672342     1.517493 0.0002919875     19326.97
      7102.2  0.005774405     1.517622 -2.28725e-05     19327.65
      7102.4  0.005865244     1.517665 -0.0003462625     19328.25
      7102.6  0.005962398     1.517433 -0.000587345      19328.8
      7102.8  0.006076199     1.517216   -0.0004882     19329.51
        7103  0.006171786     1.517152   9.6675e-05     19330.14
      7103.2  0.006254834     1.517274 0.0006247975     19330.88
      7103.4  0.006349155      1.51751 0.0007871125     19331.75
      7103.6   0.00647537     1.517716 0.0005902425      19332.8
      7103.8  0.006625088     1.517782 0.0003958725      19333.8
        7104  0.006751919     1.517746  0.000264655     19334.78
      7104.2  0.006843424     1.517827 0.0004152625     19335.71
      7104.4  0.006944776     1.517928 0.0006729275     19336.44
      7104.6  0.007063088     1.518114  0.001071625     19337.18
      7104.8  0.007202568     1.518285  0.001518685     19338.11
        7105  0.007347711     1.518684  0.001567478     19338.96
      7105.2  0.007500925     1.519143  0.001640537      19339.8
      7105.4  0.007652609     1.519368  0.001288858     19340.63
      7105.6  0.007816224     1.519597  0.001026745     19341.34
      7105.8  0.007984581     1.519715  0.001546805     19341.96
        7106  0.008150189     1.519964   0.00221213     19342.67
      7106.2  0.008318549     1.520605  0.002770917     19343.53
      7106.4  0.008487425     1.521367   0.00316858     19344.33
      7106.6  0.008674569     1.521932  0.003213598     19345.13
      7106.8  0.008880977     1.522499  0.003114563        19346
        7107  0.009084402     1.523176  0.003356955      19346.8
      7107.2  0.009287693     1.523858   0.00372038      19347.6
      7107.4  0.009495992     1.524617  0.004125432      19348.4
      7107.6  0.009705593     1.525475  0.004702582      19349.1
      7107.8  0.009938276     1.526477   0.00545697     19349.78
        7108   0.01019995     1.527621  0.006298247     19350.59
      7108.2   0.01046835     1.528983   0.00704805     19351.31
      7108.4   0.01074217     1.530514    0.0078446     19351.81
      7108.6    0.0110307     1.532115  0.008665255      19352.3
      7108.8   0.01133591     1.533896   0.00958337     19352.72
        7109   0.01166487     1.535915   0.01096329     19353.08
      7109.2   0.01202892     1.538181   0.01294759     19353.43
      7109.4   0.01242546     1.540886   0.01537211      19353.7
      7109.6   0.01283933     1.544254   0.01870618     19353.96
      7109.8   0.01325886     1.548213   0.02330595     19354.19
        7110   0.01369943     1.553146   0.02903296     19354.19
      7110.2   0.01420334      1.55953    0.0365845     19353.94
      7110.4   0.01478087     1.567481   0.04645341     19353.55
      7110.6   0.01543251      1.57748   0.05892186     19353.02
      7110.8   0.01617094     1.590308   0.07454455     19352.28
        7111   0.01701416     1.606668   0.09282517     19351.29
      7111.2   0.01801113     1.627116     0.113043     19350.11
      7111.4   0.01919352     1.651741    0.1336307      19348.9
      7111.6   0.02062248     1.680743    0.1512964     19347.58
      7111.8   0.02240145     1.713572     0.163178     19346.31
        7112   0.02462619     1.748153    0.1672702     19344.88
      7112.2   0.02745664     1.782283    0.1635381     19343.34
      7112.4   0.03109778     1.814559    0.1539842     19341.79
      7112.6    0.0357515     1.844403    0.1412309     19340.47
      7112.8   0.04161171     1.871341     0.127647     19339.19
        7113   0.04879716     1.895268    0.1141051     19337.88
      7113.2   0.05727283     1.916677    0.1018148     19336.68
      7113.4   0.06677782     1.935687   0.09165426     19335.73
      7113.6   0.07696428     1.952793   0.08223031     19335.04
      7113.8   0.08718089     1.968591    0.0738575     19334.61
        7114   0.09620936     1.982461   0.06681698     19334.52
      7114.2    0.1028149     1.994773   0.06075652     19334.66
      7114.4    0.1061973     2.006246   0.05609857     19334.88
      7114.6    0.1058971     2.017196   0.05260932     19335.03
      7114.8    0.1020685      2.02734    0.0498037     19335.21
        7115   0.09561031      2.03686   0.04740561     19335.32
      7115.2   0.08760584     2.046089   0.04469486     19335.68
      7115.4   0.07907261     2.055121   0.04094087      19336.3
      7115.6    0.0710695     2.063096   0.03626395     19336.84
      7115.8   0.06434334     2.069613   0.03091688     19337.45
        7116   0.05904523       2.0751   0.02655079     19337.98
      7116.2   0.05510876     2.079854   0.02384391     19338.39
      7116.4   0.05243939     2.084336   0.02236893     19338.76
      7116.6   0.05086225     2.088688     0.022359      19339.1
      7116.8   0.05012618     2.092995   0.02423828     19339.32
        7117   0.05002298     2.097741   0.02850615      19339.4
      7117.2   0.05040625     2.103727   0.03522263     19339.39
      7117.4   0.05117742     2.111493   0.04399038     19339.37
      7117.6   0.05226873     2.121174   0.05398442     19339.31
      7117.8   0.05360624     2.132934   0.06473181     19339.18
        7118   0.05515816     2.146914   0.07604174     19339.14
      7118.2   0.05693774     2.163279   0.08691658     19339.16
      7118.4   0.05897312     2.182007    0.0964458     19339.21
      7118.6   0.06127088     2.202467     0.104739      19339.2
      7118.8   0.06385179     2.224071    0.1115704     19338.98
        7119    0.0668375      2.24707    0.1169448     19338.75
      7119.2   0.07034006     2.271263    0.1220208     19338.71
      7119.4   0.07439117     2.296023    0.1263892     19338.71
      7119.6   0.07911861     2.321688    0.1299607     19338.68
      7119.8   0.08477836     2.348181    0.1335268     19338.54
        7120   0.09158019     2.375232    0.1364978     19338.24
      7120.2   0.09964438     2.402844    0.1385403     19337.88
      7120.4    0.1090972     2.430886    0.1394457     19337.49
      7120.6    0.1201526     2.459014    0.1396432     19337.26
      7120.8    0.1330117     2.486788    0.1388299     19337.15
        7121    0.1478825     2.514559    0.1366852     19336.97
      7121.2    0.1650628      2.54195    0.1331825     19336.76
      7121.4    0.1846542     2.568362    0.1279738     19336.61
      7121.6     0.206533     2.593334    0.1221526     19336.45
      7121.8    0.2309231     2.616938    0.1161595      19336.3
        7122    0.2578841     2.639672     0.109979     19336.19
      7122.2     0.286425     2.661289    0.1020379     19335.94
      7122.4    0.3155088     2.681318   0.09259958     19335.52
      7122.6    0.3449344     2.698568   0.08346857     19335.04
      7122.8     0.374263     2.713752   0.07520744     19334.48
        7123    0.4021494     2.728064   0.06912284      19334.1
      7123.2    0.4276317     2.741483   0.06525518     19333.84
      7123.4    0.4509032     2.753866    0.0622992     19333.44
      7123.6    0.4721612     2.765956   0.05999346     19332.99
      7123.8    0.4912138     2.777903   0.05839973     19332.58
        7124    0.5081697     2.789478   0.05601757     19332.27
      7124.2    0.5238231     2.800586   0.05452008        19332
      7124.4    0.5389667      2.81077   0.05541998     19331.75
      7124.6    0.5539767      2.82152   0.05564597     19331.42
      7124.8    0.5691635     2.833814   0.05466938     19331.07
        7125    0.5848973     2.845103   0.05220406     19330.76
      7125.2    0.6014574     2.854505   0.04780348      19330.3
      7125.4    0.6191051     2.863283   0.04431112     19329.66
      7125.6    0.6380947     2.872057   0.04304786     19328.95
      7125.8    0.6584748     2.880552   0.04267892      19328.2
        7126    0.6799562     2.888944   0.04185947      19327.4
      7126.2    0.7024194     2.897426    0.0419612     19326.59
      7126.4    0.7260903     2.905545   0.04187291     19325.81
      7126.6    0.7506195     2.914121   0.04001753     19325.07
      7126.8    0.7750354     2.922442   0.03877724     19324.15
        7127    0.7989771      2.92944   0.03796839     19323.16
      7127.2    0.8227447     2.936566   0.03952268     19322.35
      7127.4    0.8460701     2.944496   0.04354692      19321.6
      7127.6    0.8681989      2.95406   0.04765186     19320.94
      7127.8     0.889121     2.964277   0.05269907     19320.41
        7128    0.9094024     2.974688   0.05609533     19319.99
      7128.2    0.9291412     2.986655    0.0607967     19319.78
      7128.4    0.9482131     2.998936   0.06561019     19319.52
      7128.6    0.9668788     3.012915   0.06881589     19319.09
      7128.8    0.9855018     3.027176   0.06894077     19318.69
        7129     1.004354     3.041708   0.06375379     19318.43
      7129.2     1.023703     3.054089    0.0622259     19318.04
      7129.4     1.043892     3.063918   0.06175951      19317.5
      7129.6     1.065108     3.076957   0.06048997     19316.89
      7129.8     1.087298     3.091115   0.06062843      19316.3
        7130     1.110851     3.102481   0.05317306      19315.6
      7130.2     1.136133     3.112421   0.03980946     19314.78
      7130.4     1.162732     3.119495   0.02966801     19313.82
      7130.6     1.190185     3.122963   0.01975537     19312.73
      7130.8     1.218906     3.126215   0.01782987     19311.74
        7131     1.249366     3.128225   0.01088946     19310.58
      7131.2     1.280832     3.133759 -0.006167045     19309.45
      7131.4     1.312393     3.131674  -0.01508563      19308.4
      7131.6     1.344438     3.121282   -0.0317584     19307.27
      7131.8      1.37696     3.116156  -0.04561969     19306.14
        7132     1.408544     3.108352  -0.05226362     19305.16
      7132.2     1.437864     3.095179  -0.06686711     19304.39
      7132.4     1.464281     3.079471  -0.07700496     19303.73
      7132.6     1.487189     3.062663   -0.0816845     19303.34
      7132.8     1.505421     3.046748  -0.08406661     19303.24
        7133     1.518279     3.029831  -0.08572378     19303.24
      7133.2     1.525513     3.012218  -0.08765356     19303.38
      7133.4     1.527125     2.994084  -0.08448372     19303.83
      7133.6     1.523464     2.976626  -0.08015143     19304.54
      7133.8     1.514996     2.962244  -0.07278023     19305.27
        7134     1.502343     2.948096  -0.05794746      19306.2
      7134.2     1.486396      2.93586  -0.04337869     19307.37
      7134.4     1.468049     2.930268  -0.03362933     19308.56
      7134.6     1.447836     2.927541  -0.02739332     19309.62
      7134.8     1.426464     2.921193  -0.02487721     19310.66
        7135     1.405082     2.913945  -0.02650158     19311.83
      7135.2     1.384265     2.910366  -0.02390986     19312.93
      7135.4     1.363908      2.90634  -0.01732677     19313.96
      7135.6     1.344338     2.902065  -0.01580202     19315.05
      7135.8     1.326316     2.900083  -0.01204746     19316.02
        7136     1.310032     2.897724 -0.009057477     19316.83
      7136.2     1.295168     2.896702  -0.01094105     19317.62
      7136.4      1.28178     2.894819 -0.006392073     19317.96
      7136.6     1.270154     2.891331  0.002217145     19317.23
      7136.8     1.260268     2.892611    0.0109332     19314.67
        7137     1.251894     2.898475   0.01394294     19308.49
      7137.2     1.244801     2.903566   0.01300926     19296.02
      7137.4     1.238794     2.902485  0.006825413     19274.25
      7137.6     1.233616     2.903018  0.005304392     19240.95
      7137.8     1.229082     2.903936   0.01322132     19197.45
        7138     1.224982     2.907809   0.01684395      19149.9
      7138.2     1.221038     2.913062    0.0186579     19106.55
      7138.4     1.217128     2.916493   0.01686442     19076.22
      7138.6     1.213294     2.918862   0.01552552     19065.46
      7138.8     1.209695     2.921301   0.01667749     19073.37
        7139     1.206271     2.925482   0.01808812      19094.6
      7139.2     1.202903     2.929835   0.02116231     19123.94
      7139.4      1.19967     2.933333   0.02192838     19156.74
      7139.6     1.196535     2.938231   0.02023998     19189.69
      7139.8     1.193318     2.943025   0.01986984     19221.72
        7140     1.189944     2.946027   0.01853378     19251.57
      7140.2     1.186415     2.949229    0.0163592     19276.59
      7140.4     1.182659     2.953058   0.01675926     19294.19
      7140.6     1.178587     2.956112   0.02134919     19304.99
      7140.8     1.174138     2.959434   0.02397471     19311.58
        7141     1.169271     2.966308   0.02073112     19315.41
      7141.2     1.164044     2.972237   0.01661936     19316.62
      7141.4     1.158562     2.972697   0.01216893     19314.63
      7141.6     1.152863      2.97273  0.009896895     19307.77
      7141.8     1.146976     2.976043   0.01192682     19293.17
        7142     1.140954     2.980155    0.0094148      19267.5
      7142.2     1.134861     2.982239  0.001565783     19228.85
      7142.4     1.128859     2.980262 -0.004331747      19180.1
      7142.6     1.123118     2.977296 -0.008515237     19128.68
      7142.8     1.117692     2.976689 -0.009305015     19084.23
        7143     1.112746     2.975427 -0.009124815     19057.08
      7143.2     1.108565     2.972818   -0.0088966     19053.12
      7143.4     1.105263     2.969996 -0.004517945     19071.53
      7143.6      1.10282     2.969572 -0.002089727        19108
      7143.8     1.101243     2.971812 -0.0003118375     19154.72
        7144     1.100577     2.971146   0.00089754     19201.68
      7144.2     1.100787     2.969746 -0.002385562     19242.85
      7144.4     1.101849      2.97029 -0.005653955        19276
      7144.6     1.103706     2.969904  -0.00149061     19299.04
      7144.8     1.106283     2.966623  0.001557243      19313.1
        7145     1.109455     2.968554  0.001288923     19321.92
      7145.2     1.113095     2.971536  0.007651987     19328.19
      7145.4     1.117054     2.970935  0.004023633     19332.99
      7145.6     1.121154     2.972744  0.004225162     19336.92
      7145.8       1.1253     2.971773  0.008311615     19340.21
        7146      1.12936     2.974916   0.00406468     19343.05
      7146.2     1.133122     2.977584   0.00954309     19345.64
      7146.4     1.136515     2.975996   0.01252494     19347.92
      7146.6     1.139427     2.979407   0.01288483     19350.26
      7146.8     1.141708     2.984936    0.0184204     19352.58
        7147     1.143252     2.987892   0.01774865     19354.61
      7147.2     1.143984     2.990733   0.01522232     19356.52
      7147.4     1.143831     2.993606   0.01428914     19358.28
      7147.6     1.142755     2.997114   0.01656169     19360.06
      7147.8     1.140746     2.999323   0.02052912     19361.77
        7148     1.137774     3.003982   0.02312026     19363.32
      7148.2      1.13378     3.010029   0.02949921     19364.92
      7148.4     1.128824      3.01561   0.03289933     19366.61
      7148.6     1.123053     3.022923   0.03164755     19368.34
      7148.8     1.116561     3.030301   0.02859763     19370.05
        7149     1.109389     3.035347   0.02310279     19371.71
      7149.2     1.101639     3.038488   0.01786092     19373.32
      7149.4     1.093531     3.041405   0.01745213      19374.9
      7149.6     1.085231      3.04459    0.0198509     19376.39
      7149.8      1.07677     3.049309    0.0207236     19377.67
        7150       1.0682     3.054369   0.02188369     19378.82
      7150.2     1.059608     3.057984   0.02064958     19379.93
      7150.4     1.051003     3.062097   0.01819767     19381.09
      7150.6     1.042487     3.065829   0.01951181     19382.31
      7150.8     1.034182     3.068927   0.01729568     19383.52
        7151     1.026014     3.073593   0.01134427     19384.64
      7151.2     1.017925     3.075934   0.01047794     19385.65
      7151.4     1.010153     3.074904   0.00710473     19386.62
      7151.6     1.002807     3.077309   0.00390214     19387.46
      7151.8    0.9956813     3.079277  0.007956615     19388.24
        7152    0.9886955     3.079055   0.01100903     19389.11
      7152.2    0.9820262      3.08127   0.01209148     19389.89
      7152.4    0.9757834     3.086117   0.01151584     19390.69
      7152.6    0.9698668      3.08895  0.008192903     19391.67
      7152.8    0.9641922     3.088268  0.003924448     19392.68
        7153    0.9588235     3.087824  -0.00069508     19393.73
      7153.2    0.9538104     3.089256 -0.000390155     19394.81
      7153.4    0.9491246     3.088394   0.00484025      19395.8
      7153.6    0.9447255     3.087956  0.009138962     19396.73
      7153.8    0.9406328     3.091696   0.01345682     19397.45
        7154    0.9367888     3.096567   0.01381522     19398.18
      7154.2    0.9331659      3.09916  0.005650393     19399.05
      7154.4    0.9297601     3.099008   -0.0020747     19399.93
      7154.6    0.9265596     3.096216 -0.002661355     19400.93
      7154.8    0.9235215     3.094908 -0.001225073     19401.95
        7155     0.920624     3.097031 -0.000508675        19403
      7155.2     0.917913     3.098028 0.0004721875     19404.15
      7155.4    0.9153601     3.095809 -0.0007428375     19405.13
      7155.6    0.9129042     3.095285 -0.004479102     19405.93
      7155.8    0.9105521     3.096436  -0.00603614     19406.73
        7156    0.9083421     3.094445 -0.008955372     19407.44
      7156.2    0.9062505     3.090981   -0.0134091     19408.15
      7156.4    0.9042073     3.088121  -0.01334417     19408.99
      7156.6     0.902203     3.085709  -0.01033676     19409.84
      7156.8    0.9002686     3.083769 -0.009042763     19410.74
        7157    0.8984575     3.082711 -0.006311128     19411.57
      7157.2    0.8967213     3.080887 -0.003301075      19412.3
      7157.4    0.8950354      3.08066 -0.0005458725     19413.13
      7157.6    0.8934183     3.081128  -5.0805e-05     19414.02
      7157.8    0.8918605     3.082274 -0.003380655     19414.87
        7158    0.8903767     3.080846  -0.00340004     19415.76
      7158.2    0.8889837     3.077956 -0.005319667     19416.54
      7158.4     0.887637     3.078408  -0.00365574     19417.18
      7158.6    0.8863102     3.078019   0.00111795     19417.78
      7158.8     0.885012     3.077922  0.002755385     19418.24
        7159    0.8837869      3.07885  0.004602037     19418.77
      7159.2    0.8826341     3.080613  0.001864005     19419.33
      7159.4     0.881479       3.0817 -0.004490665      19419.8
      7159.6    0.8803314     3.079413 -0.007238172     19420.33
      7159.8    0.8792377     3.075257 -0.008306945     19421.18
        7160    0.8781775     3.074822 -0.008448983     19422.12
      7160.2    0.8771232     3.075055   -0.0041218     19422.93
      7160.4    0.8760718     3.072654 -0.002676335     19423.65
      7160.6    0.8750821      3.07196 -0.004668095     19424.49
      7160.8    0.8741502     3.072681 -0.003331053     19425.31
        7161    0.8732339      3.07132 -0.002355197      19426.1
      7161.2    0.8723326     3.069989 -0.003747125      19426.9
      7161.4    0.8714808     3.070076 -0.003082695     19427.46
      7161.6     0.870701     3.069683 -0.001816565     19427.88
      7161.8    0.8699696     3.068854 -0.001397233     19428.32
        7162    0.8692901     3.068536 0.0004463075     19428.82
      7162.2    0.8686864     3.068958  0.001752032      19429.3
      7162.4    0.8681534      3.07004  -0.00129221     19429.74
      7162.6    0.8676743     3.070256 -0.005954955     19430.28
      7162.8    0.8672671     3.067502 -0.007808377     19430.76
        7163    0.8669616     3.064194 -0.007389228     19431.15
      7163.2    0.8667484     3.063794  -0.00582222     19431.51
      7163.4    0.8666247     3.064344  -0.00607706     19431.86
      7163.6    0.8666222     3.062844 -0.007301847     19432.26
      7163.8    0.8667251     3.059332  -0.01019181     19432.64
        7164    0.8669333     3.057952  -0.01105663     19433.08
      7164.2    0.8672587     3.056191 -0.009961615     19433.59
      7164.4    0.8676705     3.053999 -0.009874567     19433.99
      7164.6    0.8681997     3.051363 -0.007922295     19434.38
      7164.8    0.8688505     3.050053  -0.00686741     19434.86
        7165     0.869623     3.049853 -0.005631605     19435.35
      7165.2    0.8705212     3.048505 -0.003264173     19435.94
      7165.4    0.8715045     3.046858 -0.002817737     19436.56
      7165.6    0.8725611     3.047441  -0.00273651      19437.1
      7165.8    0.8737179     3.047599  -0.00360926     19437.49
        7166     0.874972     3.046316  -0.00691563     19437.71
      7166.2    0.8763326     3.043971 -0.006997815     19437.95
      7166.4    0.8777827     3.041909 -0.008623207     19438.24
      7166.6    0.8792807     3.042001 -0.008489115     19438.37
      7166.8    0.8808615     3.039417 -0.004118865     19438.43
        7167    0.8825774     3.037179 -0.003820095     19438.54
      7167.2    0.8843965     3.038614  -0.00167798     19438.68
      7167.4    0.8863026     3.038945 -0.001102752     19438.86
      7167.6    0.8883222     3.038075 -0.005966017     19439.06
      7167.8    0.8904554     3.036297 -0.008367603     19439.33
        7168    0.8926614     3.033841 -0.009235372     19439.63
      7168.2    0.8949451      3.03225  -0.00976539     19439.97
      7168.4    0.8973946     3.030686 -0.008219233     19440.47
      7168.6    0.8999967     3.028485 -0.005689913     19441.06
      7168.8     0.902728     3.027266  -0.00314037     19441.72
        7169    0.9055289     3.027699  -0.00072761     19442.41
      7169.2    0.9084084     3.028174    0.0008106     19443.03
      7169.4    0.9114108     3.027903 -1.71075e-05     19443.58
      7169.6    0.9145015     3.027914 -0.003485447     19444.13
      7169.8    0.9176345     3.027685 -0.007807845     19444.75
        7170      0.92084     3.025386  -0.01172749     19445.39
      7170.2    0.9240943     3.021656  -0.01258098     19445.93
      7170.4    0.9273448     3.018532  -0.01143315     19446.29
      7170.6    0.9305792      3.01762  -0.01178758      19446.8
      7170.8    0.9338041     3.016239  -0.01248693     19447.28
        7171    0.9370429     3.012226  -0.01510309     19447.91
      7171.2    0.9402914     3.008542   -0.0161954     19448.81
      7171.4    0.9435709     3.005538  -0.01400584     19449.63
      7171.6    0.9468563     3.003283   -0.0126762     19450.41
      7171.8    0.9500899     3.001022 -0.009720525     19451.38
        7172    0.9532662     2.998401 -0.009148427     19452.28
      7172.2    0.9564628     2.997761  -0.01104644     19453.13
      7172.4     0.959653     2.995964   -0.0114557     19453.94
      7172.6    0.9627499     2.992184  -0.01585901     19454.73
      7172.8      0.96579     2.989237  -0.02010848     19455.41
        7173    0.9688566     2.985074  -0.02016478     19456.07
      7173.2    0.9719583     2.979877  -0.02144467     19456.91
      7173.4    0.9750227     2.976053  -0.02136829     19457.63
      7173.6    0.9780357     2.972081  -0.01606234     19458.22
      7173.8    0.9810269     2.967979  -0.01113346     19458.73
        7174    0.9840028     2.967027 -0.009670773     19459.28
      7174.2    0.9869922     2.967146  -0.00878155     19460.06
      7174.4    0.9899544     2.964345  -0.01094573     19460.78
      7174.6    0.9928785     2.960954   -0.0167511     19461.35
      7174.8    0.9957577     2.958271  -0.01781131     19461.93
        7175    0.9985686     2.953745  -0.01774242     19462.71
      7175.2     1.001325     2.950096  -0.01719679     19463.48
      7175.4     1.003953      2.94676  -0.01123347     19464.23
      7175.6     1.006408     2.944513 -0.008177175     19465.05
      7175.8     1.008715     2.944758  -0.01485466     19465.85
        7176      1.01083     2.943554  -0.02280837     19466.63
      7176.2     1.012732     2.934876  -0.02750564     19467.32
      7176.4       1.0144     2.926267  -0.02992683        19468
      7176.6     1.015845     2.922754  -0.02445817      19468.6
      7176.8     1.017105     2.919612  -0.01887388     19469.23
        7177     1.018206      2.91531  -0.01880451     19469.79
      7177.2     1.019138     2.911168  -0.01928565      19470.3
      7177.4     1.019923      2.90771  -0.01660195     19470.95
      7177.6     1.020619     2.904184  -0.01276772     19471.79
      7177.8     1.021221     2.902028  -0.01291626     19472.71
        7178     1.021745     2.900953  -0.01392087     19473.64
      7178.2     1.022239     2.897377  -0.01682278     19474.72
      7178.4     1.022713     2.893047  -0.02214429     19475.87
      7178.6     1.023154      2.88857  -0.02056553     19476.88
      7178.8     1.023558     2.883238  -0.01584261     19477.63
        7179      1.02393     2.880925 -0.009886245     19478.13
      7179.2     1.024262     2.880373 -0.003395158      19478.7
      7179.4     1.024576     2.880661 -0.001142925     19479.27
      7179.6     1.024905     2.880522  0.001241562     19479.79
      7179.8      1.02527      2.88001  0.001396718     19480.49
        7180     1.025641     2.881366  0.001586605     19481.12
      7180.2     1.026013     2.881778   0.00295093     19481.62
      7180.4     1.026386     2.881791  0.001050955     19482.07
      7180.6     1.026785     2.882371  -0.00221157      19482.7
      7180.8     1.027197     2.882207 -0.004763522     19483.34
        7181     1.027604     2.880009 -0.008523122     19483.87
      7181.2     1.028028      2.87798 -0.009344948     19484.59
      7181.4      1.02847     2.875553 -0.006811808     19485.21
      7181.6      1.02896     2.874731 -0.005105365     19485.94
      7181.8     1.029484      2.87456 -0.001823645     19486.81
        7182     1.030023     2.873896 -0.001940865     19487.63
      7182.2     1.030585     2.874094 -0.002747613     19488.49
      7182.4     1.031164     2.873178  -0.00188219      19489.2
      7182.6      1.03177     2.872362 -0.002142427     19489.86
      7182.8     1.032425      2.87239 0.0001794025     19490.56
        7183     1.033125      2.87238   0.00368129     19491.25
      7183.2     1.033832     2.873322  0.005519772     19491.97
      7183.4     1.034522     2.875307   0.00476064     19492.61
      7183.6     1.035229     2.876806  0.004846487     19493.32
      7183.8     1.035963     2.876188  0.008850035     19494.17
        7184     1.036709     2.877199    0.0117712     19494.93
      7184.2     1.037469     2.882387    0.0146905     19495.67
      7184.4     1.038218     2.886223   0.01405007     19496.49
      7184.6     1.038971     2.887941  0.006819698     19497.28
      7184.8      1.03974     2.888439   0.00302824     19498.05
        7185     1.040527     2.887843  0.005276215      19498.8
      7185.2     1.041325     2.888646  0.006698655     19499.54
      7185.4     1.042098     2.892162   0.00982109      19500.4
      7185.6     1.042858     2.893798   0.01095585     19501.43
      7185.8     1.043654     2.895699  0.009859308     19502.45
        7186     1.044435      2.89741  0.009818255     19503.39
      7186.2     1.045176     2.900049   0.01052801     19504.29
      7186.4     1.045866     2.901653   0.01239215     19505.19
      7186.6     1.046479     2.904122   0.01061697     19506.01
      7186.8     1.047073     2.907324   0.01083837     19506.86
        7187     1.047641     2.908543   0.01280127     19507.72
      7187.2     1.048179     2.910323   0.01220496     19508.41
      7187.4     1.048697     2.914363   0.01174312     19509.15
      7187.6     1.049179     2.917088   0.01314468     19509.83
      7187.8     1.049609     2.917937   0.01483398     19510.49
        7188     1.050011     2.920839   0.01633055     19511.24
      7188.2     1.050406      2.92623   0.01662365     19511.91
      7188.4     1.050794     2.930153   0.01573938     19512.61
      7188.6     1.051136     2.931236   0.01332932     19513.31
      7188.8     1.051403     2.933431   0.01047788     19513.98
        7189     1.051646     2.936893   0.01075652     19514.75
      7189.2     1.051869     2.938535  0.009794283     19515.58
      7189.4     1.052058     2.939841  0.009578367     19516.41
      7189.6     1.052203     2.941266    0.0114665     19517.17
      7189.8     1.052303     2.944556   0.01156681     19517.97
        7190     1.052357     2.947708   0.01401858     19518.85
      7190.2     1.052383     2.949095   0.01488511     19519.64
      7190.4     1.052388     2.952481   0.01589044     19520.42
      7190.6     1.052354     2.956464   0.01892439     19521.29
      7190.8     1.052289      2.96042    0.0185635      19522.1
        7191     1.052203     2.964234   0.01530413     19522.97
      7191.2     1.052103     2.967332   0.01277608     19523.79
      7191.4      1.05201     2.968708   0.01030502     19524.57
      7191.6     1.051897     2.970641  0.008776328     19525.42
      7191.8     1.051777     2.972478   0.01057502     19526.33
        7192     1.051657     2.974353   0.01189795     19527.18
      7192.2     1.051555     2.977168   0.01319507     19527.96
      7192.4     1.051425      2.98016   0.01489286     19528.74
      7192.6     1.051276     2.983034   0.01729592     19529.56
      7192.8     1.051122     2.986267   0.01887724     19530.51
        7193     1.050937     2.991004   0.01725921      19531.5
      7193.2     1.050757     2.995261   0.01470488     19532.52
      7193.4     1.050594     2.996842   0.00924805      19533.5
      7193.6     1.050444     2.998031  0.001555093     19534.33
      7193.8     1.050316     2.998403  -0.00026353     19535.18
        7194     1.050228     2.996505 0.0003540325     19536.02
      7194.2     1.050145     2.996631 -9.16675e-05     19536.73
      7194.4     1.050057     2.998314   0.00086923     19537.44
      7194.6     1.049987     2.998329 -0.001386637     19538.22
      7194.8     1.049922     2.997201 -0.002658125     19538.99
        7195     1.049875     2.995521 -0.0008527575     19539.87
      7195.2     1.049854     2.996188   0.00122979     19540.72
      7195.4     1.049856     2.997647  0.005797335     19541.55
      7195.6     1.049896     2.998185  0.004697035     19542.36
      7195.8     1.049944     3.000159 -0.000744495     19543.18
        7196     1.049993     2.999945 -0.005936867     19543.96
      7196.2     1.050056     2.997052  -0.01130285     19544.91
      7196.4     1.050099     2.993435  -0.01256591     19546.01
      7196.6     1.050154     2.991117   -0.0108489     19546.93
      7196.8      1.05023     2.989893 -0.008683715     19547.82
        7197     1.050275     2.988372 -0.008504522     19548.71
      7197.2     1.050302     2.986488  -0.01033749     19549.59
      7197.4     1.050349     2.984313  -0.01440421     19550.64
      7197.6     1.050412     2.981623  -0.01752601     19551.69
      7197.8     1.050459     2.976849  -0.01772707     19552.56
        7198     1.050481     2.972467  -0.02049241     19553.32
      7198.2     1.050486     2.970132  -0.02000566     19554.13
      7198.4     1.050462     2.965229  -0.01591599     19554.89
      7198.6      1.05042     2.960845  -0.01479178     19555.55
      7198.8     1.050385     2.959735  -0.01071649     19556.32
        7199     1.050338     2.958298  -0.01038365     19557.24
      7199.2     1.050242     2.956655  -0.01426837     19558.11
      7199.4     1.050127     2.952538  -0.01541001     19558.77
      7199.6     1.049984      2.94832  -0.01836274      19559.5
      7199.8     1.049836      2.94597  -0.01948952     19560.33
        7200     1.049685     2.941965  -0.01811106     19561.05
      7200.2     1.049551     2.936946  -0.01704545     19561.78
      7200.4     1.049402     2.933831  -0.01545717     19562.67
      7200.6     1.049239     2.932334    -0.014447     19563.47
      7200.8     1.049023       2.9296  -0.01701898     19564.07
        7201     1.048763     2.925388  -0.02063076      19564.8
      7201.2     1.048497     2.920216   -0.0198788     19565.61
      7201.4     1.048235     2.915829  -0.01838917     19566.21
      7201.6     1.047986     2.913697  -0.01964448     19566.87
      7201.8     1.047726     2.910677  -0.02091069     19567.63
        7202     1.047422       2.9045  -0.02147702     19568.39
      7202.2     1.047068     2.899101  -0.02159364     19569.25
      7202.4     1.046668     2.896515  -0.01885999     19570.04
      7202.6     1.046242     2.893402  -0.01630861     19570.75
      7202.8     1.045807     2.889412  -0.01870966     19571.49
        7203     1.045363     2.886054  -0.02320249      19572.2
      7203.2     1.044926     2.881547  -0.02570208     19573.01
      7203.4     1.044505      2.87484  -0.02894716     19573.97
      7203.6     1.044071     2.868851  -0.02620096     19574.92
      7203.8     1.043611     2.862896  -0.01892869     19575.66
        7204     1.043125     2.860586  -0.01777763     19576.38
      7204.2     1.042632     2.859697  -0.01820139        19577
      7204.4      1.04213     2.854629  -0.02171402      19577.6
      7204.6     1.041601     2.848335  -0.02375368     19578.12
      7204.8     1.041062     2.843215  -0.02100512     19578.64
        7205     1.040552     2.840694  -0.01996478     19579.23
      7205.2     1.040079     2.837824  -0.01749378     19580.02
      7205.4     1.039602     2.832363  -0.01378745     19580.89
      7205.6     1.039107      2.82922  -0.01306002     19581.72
      7205.8     1.038631     2.829664  -0.01360707     19582.57
        7206     1.038161     2.827376  -0.01426822     19583.42
      7206.2     1.037688     2.821478  -0.01591897     19584.28
      7206.4     1.037202     2.817806  -0.01500402     19585.07
      7206.6     1.036682     2.816929   -0.0111034      19585.8
      7206.8     1.036195     2.815373  -0.01016837     19586.49
        7207     1.035757     2.812595  -0.01010235     19587.16
      7207.2     1.035293     2.809671 -0.005284733     19587.82
      7207.4     1.034813     2.808847 -0.0003627275     19588.38
      7207.6     1.034351     2.811145   0.00129813     19589.05
      7207.8     1.033893     2.812305  0.001897327     19589.75
        7208     1.033471     2.810709  0.000354875     19590.45
      7208.2      1.03305     2.810365  -0.00031701     19591.12
      7208.4     1.032618     2.811429  0.002009347     19591.94
      7208.6     1.032211     2.812051  0.004396117     19592.78
      7208.8      1.03178     2.812317  0.004497505     19593.67
        7209     1.031357     2.813882  0.003400203     19594.49
      7209.2     1.030956     2.815027  0.004478987     19595.36
      7209.4     1.030548     2.814771  0.007325717     19596.23
      7209.6     1.030102       2.8159   0.01187108     19596.93
      7209.8     1.029661     2.819743   0.01609596     19597.53
        7210      1.02923     2.824524   0.01820365     19598.12
      7210.2     1.028753     2.827648   0.02015513     19598.68
      7210.4     1.028256     2.830463   0.02333499     19599.25
      7210.6     1.027767     2.835867   0.02729597      19599.8
      7210.8     1.027277     2.843192   0.03045662      19600.3
        7211     1.026769     2.849485   0.03086414     19600.88
      7211.2     1.026256     2.854828   0.02890974     19601.51
      7211.4     1.025771     2.860558   0.03152428     19602.05
      7211.6     1.025274      2.86632   0.03374014      19602.6
      7211.8     1.024763     2.874704   0.03166436     19603.39
        7212     1.024249      2.88182   0.03071971     19604.22
      7212.2     1.023769      2.88589   0.02959974     19604.85
      7212.4      1.02331     2.890896   0.03391637     19605.52
      7212.6     1.022848     2.898384   0.03986287     19606.36
      7212.8     1.022381     2.908953   0.04303594     19607.04
        7213     1.021877      2.91778   0.04300384     19607.69
      7213.2     1.021373     2.925325   0.03897095     19608.51
      7213.4     1.020911     2.932787   0.03682206     19609.35
      7213.6     1.020485      2.94013   0.03630254     19610.16
      7213.8     1.020026     2.947237   0.03630383     19610.92
        7214     1.019548     2.954367   0.03434028     19611.72
      7214.2     1.019086      2.96183   0.03366052     19612.42
      7214.4     1.018632     2.967602   0.03821427     19613.01
      7214.6      1.01818     2.974166   0.04401218     19613.72
      7214.8     1.017701     2.984938   0.04835203     19614.44
        7215      1.01721      2.99704   0.04890595     19615.11
      7215.2     1.016755     3.006284   0.04652259     19615.84
      7215.4     1.016305     3.013291   0.04356509     19616.53
      7215.6      1.01585     3.022156   0.04086275     19617.16
      7215.8     1.015436     3.031892   0.03838972     19617.82
        7216     1.015026     3.038974   0.03515709     19618.35
      7216.2     1.014616     3.044002   0.03269791     19618.86
      7216.4     1.014228     3.050282    0.0307129     19619.43
      7216.6     1.013847      3.05805   0.02874722     19619.76
      7216.8     1.013487     3.063545   0.03043499     19620.09
        7217     1.013168        3.067   0.03132517     19620.52
      7217.2     1.012883      3.07463   0.03404631     19620.95
      7217.4     1.012638      3.08311   0.03707228     19621.59
      7217.6     1.012401     3.090782   0.03177279     19622.29
      7217.8     1.012134     3.096658   0.02437431     19623.01
        7218      1.01191     3.100048   0.02108012     19623.78
      7218.2     1.011752      3.10261   0.02258645     19624.58
      7218.4     1.011631     3.107646   0.02461712     19625.34
      7218.6       1.0115     3.114727   0.02400538     19626.13
      7218.8     1.011363     3.119742   0.02114337     19626.95
        7219     1.011267     3.121814   0.01757513     19627.55
      7219.2     1.011224      3.12456   0.01260413     19628.09
      7219.4       1.0112     3.128787   0.01044316     19628.79
      7219.6      1.01116     3.129825   0.01138313     19629.36
      7219.8     1.011142     3.130169  0.009664218     19629.87
        7220     1.011171     3.133667     0.010839     19630.62
      7220.2     1.011222     3.136519   0.01285948     19631.31
      7220.4     1.011282     3.138496    0.0110229     19632.05
      7220.6     1.011356     3.140456  0.006639268     19632.87
      7220.8     1.011454     3.142485   0.00282131     19633.62
        7221     1.011578      3.14183 7.842501e-06     19634.34
      7221.2     1.011718     3.140753   0.00013205     19635.02
      7221.4      1.01189     3.140463   0.00339265     19635.89
      7221.6      1.01204     3.142591  0.003893635     19636.75
      7221.8     1.012166     3.144544  0.001079653     19637.56
        7222     1.012317     3.143868 -0.004803282     19638.43
      7222.2     1.012452     3.141326  -0.01092214     19639.29
      7222.4     1.012572     3.138748  -0.01600979     19640.11
      7222.6     1.012718     3.135807  -0.01822074     19641.02
      7222.8     1.012885      3.13106  -0.01934432     19641.93
        7223     1.013038      3.12675  -0.02031706     19642.68
      7223.2     1.013148     3.123273  -0.01827963     19643.39
      7223.4     1.013233     3.119553  -0.01889916     19644.16
      7223.6     1.013319     3.116437  -0.02291386     19644.88
      7223.8     1.013413      3.11163   -0.0259447      19645.5
        7224     1.013495     3.104942  -0.02977661     19646.19
      7224.2     1.013566     3.098797  -0.03188326     19646.85
      7224.4     1.013598     3.092615  -0.03123206     19647.61
      7224.6     1.013606     3.086124  -0.02763778     19648.38
      7224.8     1.013593     3.079956  -0.02733645     19649.17
        7225     1.013536     3.076687  -0.02925533     19649.94
      7225.2     1.013461     3.070746  -0.03046424     19650.63
      7225.4     1.013384      3.06272   -0.0365223     19651.43
      7225.6     1.013284     3.055585  -0.03762411     19652.18
      7225.8     1.013158     3.047469  -0.03317461     19652.79
        7226     1.013014     3.040647  -0.03147313     19653.37
      7226.2     1.012846      3.03618  -0.02922851        19654
      7226.4      1.01266     3.030406  -0.02561239     19654.84
      7226.6     1.012465     3.024086  -0.02422318     19655.58
      7226.8     1.012229     3.020157  -0.02494112     19656.21
        7227     1.011953     3.016801  -0.02699281     19656.93
      7227.2      1.01167     3.010453  -0.02848519     19657.49
      7227.4     1.011347     3.002492  -0.03057172     19658.05
      7227.6     1.010977     2.997369  -0.03224177     19658.79
      7227.8     1.010598     2.992344  -0.03111685     19659.46
        7228     1.010233      2.98466  -0.03047782     19660.22
      7228.2      1.00985     2.977599  -0.03205276     19661.02
      7228.4     1.009434     2.972987  -0.03283578     19661.85
      7228.6     1.008991     2.966702  -0.03399572     19662.56
      7228.8      1.00854     2.958391  -0.03775403     19663.26
        7229     1.008081     2.950402  -0.03834973     19663.91
      7229.2     1.007606     2.942783  -0.03606465      19664.6
      7229.4     1.007141     2.936022  -0.03436325     19665.09
      7229.6     1.006678      2.92954  -0.03015921     19665.52
      7229.8     1.006171     2.922911  -0.02770357     19666.22
        7230      1.00565     2.918656  -0.02979201     19666.97
      7230.2     1.005147     2.913859   -0.0319307     19667.71
      7230.4      1.00462     2.905706  -0.03439686     19668.41
      7230.6     1.004072     2.897367  -0.03522518     19669.02
      7230.8     1.003518     2.891138  -0.03389942      19669.7
        7231     1.002946     2.885679  -0.03252929      19670.4
      7231.2     1.002388     2.878586  -0.03170316     19671.01
      7231.4     1.001842     2.871343  -0.03119685      19671.5
      7231.6     1.001287     2.865776  -0.02965731     19672.01
      7231.8     1.000723     2.860721  -0.03039801     19672.61
        7232     1.000139     2.854861  -0.03276363     19673.19
      7232.2    0.9995749     2.847025  -0.03301029     19673.65
      7232.4    0.9990135     2.839565  -0.03129513     19674.16
      7232.6    0.9984453     2.834313  -0.02710589     19674.71
      7232.8    0.9978718     2.829824  -0.02347042     19675.17
        7233     0.997313      2.82534  -0.02297318     19675.71
      7233.2    0.9967768     2.820789  -0.02336891     19676.29
      7233.4    0.9962462     2.815935  -0.02505121     19676.78
      7233.6    0.9957221     2.811129  -0.02731071     19677.32
      7233.8    0.9951695     2.805299  -0.02631575     19677.88
        7234     0.994611      2.79894  -0.02256446     19678.46
      7234.2    0.9940688     2.794882   -0.0180642     19679.09
      7234.4    0.9935122     2.793078  -0.01546352     19679.66
      7234.6    0.9929541     2.790848    -0.015843     19680.28
      7234.8    0.9923853     2.786569  -0.01702267     19681.06
        7235    0.9918067     2.782208  -0.01948293     19681.77
      7235.2    0.9912578      2.77946  -0.01952095     19682.45
      7235.4    0.9906974     2.775262  -0.01717217     19683.15
      7235.6    0.9901258     2.770953  -0.01664443     19683.93
      7235.8    0.9895946      2.76847  -0.01742668     19684.72
        7236    0.9890622     2.766144  -0.01727233      19685.5
      7236.2    0.9884988      2.76132  -0.01744537     19686.26
      7236.4    0.9879397     2.757135  -0.01888822     19686.99
      7236.6    0.9873901     2.754514  -0.01620787     19687.65
      7236.8    0.9868466     2.751033  -0.01393085     19688.34
        7237     0.986322     2.748354  -0.01305967     19689.03
      7237.2    0.9858101      2.74599 -0.009378258     19689.65
      7237.4    0.9852934     2.744066 -0.006693563     19690.17
      7237.6    0.9847765     2.743531  -0.00427695     19690.58
      7237.8    0.9842751     2.742999 -0.001990218     19691.06
        7238    0.9837858     2.742568 -0.001160285     19691.71
      7238.2    0.9833186     2.742474   6.9555e-05      19692.3
      7238.4    0.9828717     2.742603  0.000199145     19692.83
      7238.6    0.9824217     2.743055 -0.0002767675     19693.55
      7238.8    0.9819909     2.742728 -0.002124005     19694.37
        7239    0.9815845     2.742252 -0.004096527     19695.17
      7239.2    0.9811855     2.740903 -0.003027573     19695.95
      7239.4    0.9807598     2.739777  -0.00276725     19696.66
      7239.6    0.9803551     2.740306 -0.003704912      19697.4
      7239.8    0.9799707     2.740039 -0.002209595      19697.8
        7240    0.9796417      2.73794 -0.001152237     19698.35
      7240.2    0.9793108      2.73801   0.00067118     19698.99
      7240.4    0.9789765     2.739384  0.004180022      19699.6
      7240.6    0.9786731     2.740575  0.004995683     19700.25
      7240.8    0.9784143     2.741284  0.005792717     19701.02
        7241    0.9781634     2.742006  0.005249185     19701.97
      7241.2    0.9779129     2.744018  0.003633713     19702.79
      7241.4     0.977698     2.744775  0.004656632     19703.49
      7241.6    0.9775106     2.744191  0.005838807     19704.34
      7241.8    0.9773366     2.745732  0.007118757     19705.26
        7242    0.9771683     2.748689  0.008494785     19705.99
      7242.2    0.9769967      2.75047  0.008473745     19706.72
      7242.4    0.9768359     2.750986   0.00847972     19707.58
      7242.6     0.976722     2.752511  0.009548995     19708.34
      7242.8    0.9766436     2.755473   0.01056309     19708.95
        7243    0.9765731     2.758109   0.01089491     19709.61
      7243.2    0.9764998     2.759437   0.00878241     19710.13
      7243.4    0.9764351     2.761227  0.008549277     19710.55
      7243.6    0.9763812     2.762499   0.01072708     19711.08
      7243.8    0.9763198     2.764948   0.01021826      19711.6
        7244    0.9762968     2.768018   0.01143094     19712.33
      7244.2    0.9762773     2.769401   0.01327618      19713.2
      7244.4    0.9762415     2.771644   0.01267192        19714
      7244.6    0.9762173     2.775569   0.01137451     19714.81
      7244.8    0.9761971     2.778156  0.008513738     19715.57
        7245    0.9761719     2.778501   0.00474047     19716.24
      7245.2    0.9761668     2.778455   0.00294893     19716.91
      7245.4    0.9762054     2.779362   0.00306188     19717.68
      7245.6     0.976258     2.780515  0.004679775     19718.46
      7245.8    0.9763125      2.78095  0.006921805     19719.14
        7246    0.9763891     2.782198  0.007497665      19719.9
      7246.2    0.9764655     2.784899  0.007770472     19720.58
      7246.4    0.9765502     2.786513  0.008527652     19721.03
      7246.6    0.9766514     2.787167  0.008618455     19721.63
      7246.8    0.9767591     2.789021  0.008647217     19722.34
        7247    0.9768737     2.791794  0.007416963     19723.12
      7247.2    0.9770239     2.793431  0.005638953     19723.97
      7247.4    0.9771645       2.7931   0.00638359      19724.7
      7247.6    0.9773058     2.793532   0.00744149     19725.38
      7247.8    0.9774993     2.796901  0.008596732      19726.1
        7248     0.977712     2.799384  0.009214815     19726.85
      7248.2    0.9779469     2.799978   0.00655486     19727.65
      7248.4    0.9781995     2.800904  0.004767128     19728.44
      7248.6    0.9784492     2.802145  0.004080125      19729.1
      7248.8    0.9787115     2.803198 0.0008721225     19729.74
        7249    0.9789759     2.803242 -0.002088752     19730.43
      7249.2    0.9792483     2.801601 -0.001467305     19731.11
      7249.4    0.9795521     2.800474 -0.001198162     19731.78
      7249.6    0.9798818     2.802024   -0.0004064     19732.41
      7249.8    0.9802211     2.802283  0.002188687     19732.99
        7250    0.9805402     2.801276  0.002147247     19733.58
        7252    0.9851538     2.796681 -0.006304038      19740.9
        7254    0.9911073     2.781902 -0.005455525     19748.83
        7256    0.9983714     2.770046 -0.003262884     19756.45
        7258      1.00638     2.765288  -0.00028794     19763.71
        7260     1.014389     2.770578  0.002174916     19770.59
        7262      1.02157     2.779599  0.003714543     19777.94
        7264     1.027204     2.787446  0.004080875     19785.69
        7266     1.031087     2.795004  0.004459498     19792.22
        7268     1.033432     2.803225  0.005729904     19798.45
        7270     1.034671     2.815275  0.007256961     19805.38
        7272     1.034924     2.833285  0.007089749     19813.13
        7274     1.034659      2.85306  0.005868637      19819.7
        7276      1.03383     2.859943  0.005051001     19825.46
        7278     1.032761     2.862224  0.004005213     19831.78
        7280     1.031275     2.873693  0.004396106     19838.16
        7282     1.029446     2.885102  0.005783809     19844.63
        7284     1.027171     2.895112  0.004874606     19851.98
        7286     1.024479     2.908494  0.003016388     19858.45
        7288     1.021388      2.91269 -0.0009602925     19865.89
        7290     1.018146     2.909233 -0.006840722     19873.41
        7292     1.015249      2.88743  -0.01163084      19880.8
        7294     1.012796     2.853769  -0.01586985     19888.05
        7296     1.010862     2.819643  -0.01754518     19894.62
        7298     1.009434     2.782274  -0.01645201     19901.48
        7300     1.008577     2.747068  -0.01453474     19908.16
        7302     1.008041     2.722153  -0.01180007     19913.52
        7304     1.007773     2.703365 -0.009222952     19919.85
        7306     1.007523     2.687873 -0.006657087     19926.02
        7308     1.007245     2.673284 -0.004479059      19931.8
        7310     1.007041     2.668896 -0.002932235     19938.21
        7312     1.006903     2.667533   -0.0013871     19943.83
        7314     1.006795     2.664416 -0.0009330327     19951.31
        7316     1.007043     2.662188 -0.001296927        19959
        7318     1.007543     2.661432  -0.00134833     19965.55
        7320     1.008299     2.657157 -0.001284425     19972.36
        7322     1.009057     2.653629 -0.001703957     19979.43
        7324     1.009747     2.651912 -0.001312516     19985.27
        7326     1.010299       2.6478 -0.001400936     19992.32
        7328     1.010469     2.646657 -0.002092519      19997.8
        7330     1.010259     2.642421 -0.002954895     20003.33
        7332     1.009654     2.635172 -0.003841614     20009.41
        7334     1.008691     2.624161 -0.003902087     20015.84
        7336     1.007507     2.615924 -0.003284381      20022.5
        7338     1.006166     2.611205 -0.001329966     20029.38
        7340     1.004669     2.608897   0.00105957     20034.96
        7342     1.003278     2.613521  0.003385016      20040.6
        7344     1.001993     2.624401  0.005324732     20047.31
        7346     1.000751     2.638285  0.006628618     20053.92
        7348    0.9995636     2.651495  0.007294485     20059.48
        7350    0.9984082      2.66655  0.007296891     20065.59
        7352    0.9974701     2.682757  0.006805858     20072.26
        7354    0.9966209      2.69666  0.006142508      20078.5
        7356    0.9960207     2.705942  0.005224661      20084.3
        7358     0.995576      2.71569  0.004369452     20091.51
        7360    0.9955859     2.724554  0.003653876     20098.47
        7362    0.9959904     2.731616  0.002240613     20104.18
        7364    0.9968494     2.735173 0.0004044129     20110.07
        7366    0.9979301     2.733615 -0.001936631     20116.12
        7368    0.9991803     2.727789 -0.004044533     20122.09
        7370     1.000631     2.716123  -0.00672025     20128.21
        7372     1.002077     2.702817 -0.009486434     20133.07
        7374     1.003331     2.679853  -0.01190895     20137.55
        7376     1.004414     2.651898  -0.01446896     20143.51
        7378     1.005244     2.620851  -0.01510792     20150.18
        7380     1.005734     2.587065  -0.01464631     20155.94
        7382     1.006046      2.55899  -0.01247174     20162.37
        7384     1.006198     2.534727  -0.00899871     20168.92
        7386     1.006122     2.521077 -0.005793399     20174.34
        7388     1.006005     2.515075 -0.002575435     20179.72
        7390     1.005812     2.512642 -0.0004154192     20185.61
        7392     1.005699     2.514124 0.0008215339     20191.59
        7394     1.005582     2.517754  0.001122348     20198.32
        7396     1.005485     2.521647 0.0007493361     20204.22
        7398     1.005487     2.521621 -2.444335e-05     20210.11
        7400     1.005515     2.520119 -0.0009640337     20215.76
        7402     1.005529     2.517558   -0.0012345     20221.17
        7404      1.00548     2.513935 -0.001268711     20226.94
        7406     1.005397     2.511745 -0.001133172     20233.09
        7408     1.005205     2.509969 -0.0005217538     20239.09
        7410     1.004963     2.508493 -0.0005302664     20244.87
        7412      1.00453     2.509761 -0.0006378695     20250.87
        7414     1.004065     2.507503 -0.001063432     20257.19
        7416     1.003546     2.504866 -0.001833004     20262.63
        7418     1.002972     2.499985 -0.002301079     20267.79
        7420     1.002258     2.495097 -0.002871802     20273.12
        7422     1.001659     2.489094 -0.003360304     20278.47
        7424     1.001038     2.481891 -0.003380098     20283.57
        7426      1.00047     2.473103 -0.002837054      20289.4
        7428    0.9999001     2.468056 -0.002189254     20296.26
        7430    0.9994252     2.466398 -0.001322611     20303.01
        7432    0.9990159     2.464377 -0.0006580582      20309.3
        7434    0.9986359     2.462522 -6.728162e-05      20315.8
        7436    0.9983998     2.462792  0.000830682     20321.08
        7438    0.9980884      2.46586  0.001816508     20326.89
        7440    0.9978822     2.471023  0.002693269     20332.15
        7442    0.9977919     2.477054  0.002934118     20338.25
        7444    0.9977818     2.484338   0.00276862     20342.61
        7446    0.9977697     2.489333  0.002446559     20347.62
        7448    0.9977912     2.493172  0.001476759     20352.45
        7450    0.9978467     2.496626 0.0005009519     20358.77
        7452    0.9979798     2.496152 -0.0002961422     20364.69
        7454    0.9981228      2.49334 -0.001020836     20369.91
        7456    0.9981977     2.490803 -0.001497827     20375.34
        7458    0.9983188      2.48846 -0.001657216     20381.46
        7460    0.9983939     2.484169 -0.002111731     20387.08
        7462    0.9984232     2.480083 -0.002922516     20392.78
        7464    0.9983264     2.473909 -0.003600734     20398.26
        7466    0.9982268      2.46508 -0.004339228     20403.44
        7468    0.9981062     2.455364  -0.00483647     20409.44
        7470    0.9978574     2.445369 -0.004944143     20414.44
        7472    0.9976289     2.435217 -0.004750565     20420.28
        7474    0.9973131     2.425527 -0.004534556     20426.76
        7476    0.9970616     2.417359 -0.004314978      20431.7
        7478    0.9968266     2.409092 -0.004054248     20437.05
        7480    0.9966757     2.400697 -0.004185889      20443.3
        7482    0.9965124     2.393093 -0.004098294     20448.54
        7484    0.9963993     2.383872 -0.004161868     20452.73
        7486    0.9964141     2.376306 -0.004202245     20456.69
        7488     0.996516     2.367402  -0.00404453     20460.97
        7490    0.9966803     2.359475 -0.003861328     20467.19
        7492    0.9967644     2.351516 -0.003138549     20472.28
        7494    0.9969587     2.345415 -0.002388982     20477.67
        7496    0.9971851     2.342294 -0.001581296     20483.24
        7498    0.9973737     2.340363 -0.0007959257     20488.34
        7500    0.9975403     2.338865 -0.0003485628     20493.28
        7502    0.9975707     2.339048 -0.0003454302     20498.29
        7504    0.9976955     2.339505 -0.0003964575     20503.69
        7506    0.9978172     2.337599 -0.0005865672     20508.74
        7508    0.9979607     2.335694 -0.001076994     20513.77
        7510    0.9979619     2.334355 -0.001226211     20518.21
        7512    0.9979604      2.33089   -0.0014323     20522.81
        7514    0.9979831      2.32779 -0.001664469      20526.8
        7516     0.998026     2.324235  -0.00178994     20528.36
        7518    0.9981031      2.32104  -0.00159679     20518.55
        7520    0.9980649      2.31657 -0.001247555     20502.97
        7522    0.9981738     2.315015 -0.001092948     20499.98
        7524    0.9987114     2.314255 -0.001224555     20420.39
        7526    0.9992407     2.312296 -0.0008015656     20213.25
        7528    0.9973982     2.306774 -0.001323501     20264.58
        7530    0.9987903     2.308603 -0.0009972334     20266.04
        7532    0.9972154     2.303667 -0.0007280249     20359.26
        7534    0.9982061     2.304318 -0.001474723     20564.08
        7536    0.9982319     2.300949 -0.001294215     20552.19
        7538    0.9982289     2.296805 -0.001852155     20558.97
        7540    0.9982743     2.293313 -0.001807376     20580.17
        7542    0.9982697     2.289501 -0.001720705     20599.53
        7544    0.9983233      2.28649 -0.001756931     20605.69
        7546     0.998321     2.283039  -0.00161326     20611.12
        7548    0.9982959     2.279258 -0.001327353     20616.23
        7550    0.9982668     2.276595 -0.001012815     20621.19
        7552    0.9982913     2.275872 -0.0005557399     20626.36
        7554    0.9983993     2.274937 -0.0002203381     20630.92
        7556    0.9983563     2.274812 -0.0002175649     20635.75
        7558    0.9983153     2.274832 -9.219055e-05      20640.6
        7560    0.9982771     2.274131 -0.0001788295     20646.03
        7562    0.9982358     2.274199 -0.0005092586      20650.9
        7564    0.9981662     2.273381 -0.0008917226     20655.09
        7566    0.9979997     2.270758 -0.001506739     20658.99
        7568    0.9978083     2.266997 -0.002012941     20663.23
        7570    0.9977177     2.262145 -0.002584695     20667.22
        7572    0.9976674     2.257278 -0.003009291      20671.7
        7574    0.9975492     2.250081  -0.00326585     20676.34
        7576    0.9974491     2.242923 -0.003535396     20680.41
        7578    0.9973828     2.236019  -0.00342266     20684.43
        7580    0.9973833     2.228994 -0.003313478     20688.32
        7582    0.9974906     2.222699  -0.00307883     20690.67
        7584    0.9974703     2.216415 -0.002810966     20693.46
        7586    0.9975144     2.211388 -0.002617596     20696.71
        7588    0.9976198     2.206507 -0.002177955     20700.54
        7590    0.9977548     2.201759 -0.001851421     20704.84
        7592    0.9978416     2.198991 -0.001526061     20708.43
        7594    0.9979072     2.196577 -0.001321257     20711.07
        7596    0.9979397     2.194298 -0.001309177     20714.37
        7598     0.997941     2.191188 -0.001344082     20716.94
        7600     0.998053     2.188518 -0.001512606     20722.08
        7602    0.9980783     2.185824 -0.001656987     20727.26
        7604    0.9980871     2.182197 -0.001918745     20731.99
        7606    0.9981236     2.177933  -0.00204148     20736.77
        7608    0.9981106     2.173168  -0.00211106      20741.3
        7610    0.9981596     2.169492 -0.002123363     20745.19
        7612    0.9981034     2.165309 -0.001976777     20748.87
        7614    0.9980806     2.160946 -0.001963623     20753.01
        7616    0.9980166     2.157354 -0.001711977     20757.95
        7618    0.9980077     2.153783 -0.001360695     20762.67
        7620    0.9980824     2.151613 -0.001122449     20767.75
        7622    0.9979872      2.15006 -0.000920856     20772.69
        7624    0.9979697     2.148374 -0.0009925784     20776.64
        7626     0.997971     2.146416 -0.001250948     20780.55
        7628     0.997949     2.143672 -0.001457137     20784.89
        7630    0.9978408     2.140053 -0.001744546     20789.09
        7632    0.9977742     2.136717 -0.001898449     20793.44
        7634    0.9977546      2.13246 -0.002076718     20797.08
        7636    0.9976785     2.128485 -0.002303388     20801.82
        7638    0.9976608     2.123439 -0.002377825     20806.48
        7640    0.9975655      2.11829 -0.002369217     20811.39
        7642    0.9975019     2.113437 -0.002250353     20815.13
        7644    0.9974581     2.109531 -0.002097752     20819.01
        7646    0.9974833     2.105436  -0.00182053     20823.99
        7648    0.9975147     2.101508 -0.001733342     20828.06
        7650     0.997465     2.098873 -0.001653884     20832.82
        7652    0.9974803     2.095664  -0.00157144     20836.89
        7654    0.9975091     2.092205  -0.00154296     20840.85
        7656    0.9975887     2.088937 -0.001393481     20845.41
        7658    0.9976552     2.086529  -0.00124199     20849.61
        7660    0.9976511     2.084517 -0.001132157     20853.66
        7662    0.9977353     2.082269 -0.0009916568     20857.78
        7664    0.9978311     2.079879 -0.0008758438     20861.73
        7666    0.9979788     2.078596 -0.0008989043     20866.17
        7668    0.9980234      2.07751 -0.0008017484     20869.41
        7670    0.9981008     2.075078 -0.0007366733     20873.24
        7672    0.9982042     2.073465 -0.0007748183        20877
        7674    0.9983059     2.072703 -0.0007818493     20880.85
        7676    0.9984314     2.071311 -0.0008079162      20885.2
        7678     0.998471     2.068823 -0.0009594068     20889.55
        7680    0.9985656     2.067002 -0.001049391     20894.94
        7682    0.9986483     2.065027  -0.00121236     20900.05
        7684    0.9987221     2.062916 -0.001397542     20904.71
        7686    0.9988833     2.059124   -0.0016539     20908.93
        7688    0.9989253     2.055822 -0.001857416     20912.26
        7690    0.9989542     2.051796 -0.001970679     20915.32
        7692    0.9990206     2.048057 -0.001998135     20919.08
        7694    0.9991083     2.043359 -0.001909587        20924
        7696    0.9992079     2.039837 -0.001911182     20929.15
        7698    0.9991982      2.03652 -0.001849892      20932.4
        7700     0.999248     2.032767 -0.001867512     20935.92
        7702     0.999289      2.02856 -0.001827019     20939.69
        7704    0.9993759     2.024896 -0.001699934     20943.91
        7706     0.999441     2.021903 -0.001293679     20947.87
        7708    0.9994349     2.019168 -0.0009984394     20951.51
        7710    0.9994752      2.01821  -0.00100932     20954.94
        7712    0.9995592     2.016909 -0.001003689     20959.68
        7714    0.9996564     2.013829 -0.001085922     20963.76
        7716    0.9997096     2.011138 -0.001078321     20968.15
        7718    0.9996604     2.009523 -0.000806206     20972.29
        7720    0.9996964     2.008282 -0.0006995213     20975.37
        7722    0.9997016     2.007379 -0.0007497098     20979.02
        7724    0.9997318     2.005542 -0.001005596     20981.73
        7726    0.9996958     2.003525 -0.001254365        20985
        7728    0.9996768     2.000238 -0.001217481     20988.37
        7730    0.9996313     1.997344 -0.001217566     20992.07
        7732     0.999605     1.995802 -0.001239197     20995.77
        7734    0.9996179     1.993784 -0.001332117     20998.95
        7736    0.9995908     1.990324 -0.001519789     21002.45
        7738    0.9995864     1.986687 -0.001729124     21005.57
        7740    0.9995769     1.983644 -0.001704342     21008.92
        7742    0.9995947     1.979951 -0.001683231     21013.01
        7744    0.9995853     1.976689 -0.001624826     21016.55
        7746     0.999566     1.973221 -0.001396644     21021.31
        7748    0.9995795     1.970645 -0.001289919     21024.69
        7750    0.9995716     1.968778 -0.001204389     21028.23
        7752    0.9996024      1.96637 -0.001156958     21031.77
        7754    0.9996117     1.963586 -0.001245805     21035.19
        7756    0.9995739      1.96139 -0.001370521     21038.31
        7758    0.9995991     1.958812 -0.001554419     21041.11
        7760    0.9995839     1.955406  -0.00181492     21044.55
        7762    0.9996072     1.951151 -0.002027278     21047.51
        7764    0.9996396      1.94687 -0.002062152     21050.29
        7766    0.9996412     1.942594 -0.002063974      21052.8
        7768    0.9996364     1.938909 -0.001996468     21054.33
        7770    0.9996788     1.934639 -0.001903602     21056.18
        7772    0.9997636     1.930899 -0.001789731     21057.74
        7774    0.9998063     1.927365 -0.001688291     21058.63
        7776    0.9998153     1.924591 -0.001593344     21057.68
        7778    0.9998509     1.921133 -0.001520552     21054.53
        7780     0.999911     1.918152 -0.001213212     21045.38
        7782     1.000137       1.9152 -0.0006813513     21016.54
        7784     1.001383     1.914885 -0.001900529     20783.22
        7786      1.00255     1.915682 -0.002671678     20219.15
        7788    0.9981228     1.902948 -0.001874833     20078.96
        7790    0.9969053     1.893827 -0.002192823     20218.61
        7792     1.000008     1.899886  -0.00091929     21071.92
        7794     1.000162      1.89814 -0.0001178471      21107.4
        7796     1.000161     1.895593 -0.001134029     21116.41
        7798      1.00025     1.892884 -0.001132307     21122.65
        7800     1.000275     1.890814 -0.001175682     21127.16
        7802      1.00037     1.889081 -0.001117263     21130.49
        7804     1.000422     1.886188 -0.001134129     21133.92
        7806     1.000449     1.883946 -0.001185821     21137.16
        7808     1.000445     1.881741 -0.001182132     21140.63
        7810     1.000458     1.879594 -0.001217844     21144.39
        7812     1.000525     1.876731 -0.001345064     21146.92
        7814     1.000517     1.874203 -0.001531425     21150.15
        7816     1.000504     1.870981 -0.001542258     21152.21
        7818     1.000566     1.867343 -0.001533381     21154.62
        7820     1.000584     1.864393 -0.001517735     21157.31
        7822     1.000667     1.861936 -0.001508753     21161.06
        7824     1.000681     1.858839 -0.001526609     21164.54
        7826     1.000699     1.855273 -0.001596611     21168.02
        7828     1.000698      1.85218 -0.001566059     21170.93
        7830       1.0007     1.849163 -0.001507004     21173.55
        7832      1.00075      1.84631 -0.001473483      21176.4
        7834     1.000754     1.843217  -0.00144841     21180.05
        7836     1.000739     1.840392 -0.001462698     21183.65
        7838     1.000717     1.837576  -0.00142089     21186.73
        7840      1.00068     1.834609 -0.001421753     21190.03
        7842     1.000747      1.83185 -0.001373849     21192.82
        7844     1.000735     1.829018 -0.001311518      21195.9
        7846     1.000693     1.826585  -0.00136782      21198.8
        7848     1.000716     1.824116 -0.001362877     21201.54
        7850     1.000759     1.820907 -0.001470311     21203.82
        7852     1.000798     1.818115 -0.001566581      21206.6
        7854      1.00079     1.814823   -0.0015054     21209.34
        7856     1.000791     1.811584 -0.001585209      21212.3
        7858     1.000812     1.808864 -0.001521268     21214.68
        7860     1.000854     1.805433 -0.001424379     21217.37
        7862     1.000881     1.802653 -0.001447901     21220.89
        7864     1.000875     1.800189 -0.001408324      21223.8
        7866     1.000876     1.797281 -0.001396126     21226.67
        7868     1.000885     1.794167 -0.001429641     21229.91
        7870     1.000921     1.791484 -0.001434915     21232.32
        7872     1.000995     1.788752 -0.001396882     21235.17
        7874     1.001024     1.785802  -0.00147344     21238.88
        7876     1.001033     1.782992 -0.001548806     21243.52
        7878     1.001058     1.779696 -0.001496029     21246.72
        7880     1.001055     1.776361 -0.001559551     21249.61
        7882      1.00111     1.773833 -0.001587814     21253.02
        7884     1.001049     1.770515 -0.001589751     21256.48
        7886     1.001071     1.766994 -0.001701669     21259.71
        7888     1.001152     1.763643 -0.001735005     21262.47
        7890      1.00115      1.76022 -0.001751177     21265.02
        7892     1.001206     1.756635 -0.001761389     21268.05
        7894     1.001276     1.752984 -0.001728464     21270.82
        7896     1.001273     1.749552 -0.001683667     21273.54
        7898      1.00129     1.746392 -0.001618963      21277.1
        7900     1.001351     1.743166 -0.001522827     21280.42
        7902     1.001436     1.740033 -0.001425893     21282.93
        7904     1.001518      1.73737 -0.001376541     21287.32
        7906     1.001486     1.734985  -0.00132181     21291.56
        7908     1.001515     1.732154 -0.001331668     21295.41
        7910     1.001561     1.729458 -0.001213839     21298.84
        7912     1.001646     1.726716 -0.001083927     21300.66
        7914     1.001966     1.725274 -0.001193772     21247.04
        7916     1.002795     1.723482 -0.001431121        20975
        7918     1.002991     1.719908 -0.001525408     20697.78
        7920      1.00168     1.715267 -0.001603065     21006.37
        7922      1.00175     1.713071 -0.001508501      21231.4
        7924     1.001977     1.710658 -0.001269234     21277.39
        7926     1.001998      1.70784 -0.001334449     21290.81
        7928     1.002024     1.705113 -0.001405283     21298.12
        7930     1.002047     1.702396 -0.001414568     21304.35
        7932     1.002066     1.699415 -0.001382733      21308.4
        7934     1.002108     1.696523 -0.001367658     21312.79
        7936     1.002075     1.694051 -0.001281387     21317.25
        7938     1.002129     1.691454 -0.001217427     21320.61
        7940     1.002148     1.689164  -0.00120776      21323.8
        7942     1.002177     1.686784 -0.001192771     21326.51
        7944     1.002226     1.684389 -0.001205811     21329.44
        7946     1.002214     1.681912 -0.001241187     21332.62
        7948     1.002238     1.679518 -0.001240017     21335.52
        7950     1.002272     1.676854 -0.001223458     21338.43
        7952      1.00227     1.674469 -0.001247235     21341.19
        7954     1.002339     1.672125 -0.001242203     21343.49
        7956     1.002341      1.66954 -0.001278971     21346.43
        7958      1.00231     1.666917 -0.001337063     21348.77
        7960     1.002314     1.664237 -0.001327896     21351.26
        7962     1.002393     1.661428  -0.00133664     21354.13
        7964     1.002436     1.658917 -0.001386965      21356.2
        7966     1.002384     1.656224 -0.001358462     21358.87
        7968     1.002403     1.653142  -0.00137096     21361.62
        7970     1.002411      1.65056 -0.001383491     21364.79
        7972     1.002382     1.647949 -0.001355868     21367.66
        7974     1.002407     1.645156 -0.001333429      21370.8
        7976     1.002391     1.642295 -0.001336601     21372.93
        7978      1.00233     1.639893 -0.001335293     21375.57
        7980     1.002316     1.637256 -0.001327786     21378.23
        7982     1.002299     1.634473 -0.001414933     21380.55
        7984     1.002355     1.631673 -0.001439275     21384.04
        7986     1.002363     1.628573 -0.001404996     21386.25
        7988      1.00237     1.625742 -0.001374976     21389.14
        7990     1.002391     1.623233 -0.001358323      21391.5
        7992     1.002377     1.620673 -0.001389247     21393.58
        7994     1.002405     1.617707 -0.001365584     21395.73
        7996     1.002433     1.614628  -0.00136733     21397.16
        7998     1.002398     1.612309 -0.001356682     21398.59
        8000     1.002353     1.609734 -0.001291963     21400.85
        8002     1.002348     1.606853 -0.001331213     21402.97
        8004      1.00235     1.604292 -0.001345605     21405.43
        8006     1.002378     1.601659 -0.001333224     21407.86
        8008     1.002329     1.598969 -0.001367536     21410.13
        8010      1.00231     1.596188 -0.001420734     21412.39
        8012     1.002298     1.593352 -0.001372722     21414.71
        8014     1.002345     1.590293 -0.001323365      21417.7
        8016     1.002364     1.587987 -0.001310876     21420.01
        8018     1.002332     1.585601 -0.001291911     21422.65
        8020     1.002262     1.582865 -0.001333089     21424.59
        8022     1.002254     1.579958 -0.001353327     21426.57
        8024     1.002255     1.577323 -0.001364683     21428.67
        8026     1.002283     1.574774 -0.001350056     21430.63
        8028     1.002253     1.571948 -0.001330377     21432.64
        8030     1.002241     1.569158 -0.001328676     21434.77
        8032     1.002266      1.56668 -0.001333704     21436.57
        8034     1.002252     1.564145 -0.001322188     21437.99
        8036     1.002238     1.561278 -0.001349486     21439.77
        8038     1.002241      1.55858 -0.001338651     21442.15
        8040     1.002174     1.555884  -0.00134287     21444.25
        8042     1.002127     1.553435 -0.001357117     21445.82
        8044      1.00212     1.550535  -0.00135287     21447.93
        8046      1.00213     1.547723 -0.001387565        21450
        8048     1.002146     1.545061 -0.001368966     21452.49
        8050     1.002076     1.542335 -0.001383114     21455.18
        8052     1.002066     1.539583 -0.001400741     21457.37
        8054     1.002051     1.536658 -0.001417558     21459.99
        8056     1.001994     1.533855 -0.001413941     21462.95
        8058     1.002005     1.530994 -0.001388125        21465
        8060     1.001975     1.528272  -0.00138682     21467.08
        8062     1.001937     1.525553 -0.001386926     21468.99
        8064     1.001895      1.52276  -0.00141891     21470.73
        8066     1.001903     1.519899 -0.001411778     21472.25
        8068      1.00188      1.51692 -0.001405084     21473.91
        8070     1.001816     1.514259 -0.001379295     21475.46
        8072     1.001747      1.51152 -0.001332321     21476.49
        8074     1.001714     1.508865 -0.001301165     21478.56
        8076     1.001681     1.506262  -0.00128754     21480.02
        8078     1.001689      1.50385  -0.00127377     21481.64
        8080     1.001675     1.501219 -0.001281505     21482.89
        8082     1.001593     1.498675 -0.001317025     21485.38
        8084     1.001539      1.49601 -0.001317568     21486.97
        8086     1.001494     1.493313  -0.00129872     21487.78
        8088     1.001436     1.490679 -0.001273055     21489.32
        8090     1.001462     1.488285 -0.001273321     21492.01
        8092     1.001385     1.485825 -0.001204216     21493.95
        8094     1.001334     1.483127 -0.001222655     21495.99
        8096     1.001297     1.481045 -0.001181132     21497.93
        8098     1.001238     1.478504 -0.001177362     21500.03
        8100     1.001235     1.476376 -0.001218657     21500.84
        8102     1.001166     1.473708  -0.00117153     21502.07
        8104       1.0011     1.471296 -0.001239567      21503.6
        8106     1.001061     1.469131 -0.001221936     21505.54
        8108     1.000971      1.46646 -0.001234625     21507.01
        8110      1.00093     1.463932 -0.001293359     21508.98
        8112       1.0009     1.461419 -0.001267579     21510.21
        8114     1.000823     1.458784 -0.001278058     21511.79
        8116     1.000743     1.456319 -0.001277443     21513.72
        8118      1.00068     1.453708 -0.001245035     21515.37
        8120      1.00063     1.451199 -0.001259153     21516.86
        8122     1.000597     1.448824 -0.001253397     21517.06
        8124     1.000539     1.446246 -0.001236598     21518.53
        8126     1.000496     1.443681  -0.00124798     21520.21
        8128     1.000433     1.441307 -0.001229306      21521.2
        8130     1.000366      1.43884 -0.001216772     21521.95
        8132     1.000324     1.436412 -0.001222281     21522.16
        8134      1.00027     1.433947 -0.001219982     21522.53
        8136      1.00014     1.431528 -0.001222942     21524.23
        8138     1.000092      1.42908 -0.001237865     21526.19
        8140     1.000037     1.426628 -0.001253035     21527.83
        8142    0.9999897     1.424044 -0.001242205     21529.13
        8144    0.9999492     1.421504 -0.001245307     21529.73
        8146    0.9998306     1.419143 -0.001233251     21530.59
        8148    0.9997643     1.416666 -0.001222157     21530.97
        8150    0.9996874     1.414178  -0.00122242     21532.48
        8152    0.9996113     1.411727  -0.00126028     21533.93
        8154    0.9995565     1.409363 -0.001244762     21534.91
        8156     0.999484     1.406583 -0.001250718     21536.47
        8158    0.9993702      1.40422  -0.00129343     21537.67
        8160    0.9992926     1.401721 -0.001248634      21538.1
        8162    0.9991898     1.399016 -0.001242471      21538.8
        8164    0.9991478     1.396594 -0.001259952     21539.92
        8166    0.9990882      1.39428 -0.001262655     21540.97
        8168    0.9989568     1.391641 -0.001270562     21542.27
        8170    0.9988522     1.388915  -0.00129865     21543.17
        8172    0.9987839      1.38643  -0.00124513      21544.7
        8174     0.998702     1.383891  -0.00125466     21546.01
        8176    0.9986313      1.38168 -0.001272098     21547.68
        8178    0.9985216     1.378877 -0.001245929     21548.24
        8180    0.9984108     1.376253 -0.001276375     21548.97
        8182    0.9983279     1.373923 -0.001245809     21549.76
        8184    0.9982513     1.371469 -0.001239956     21551.33
        8186    0.9982105     1.368911 -0.001286109     21553.42
        8188    0.9981953     1.366333 -0.001264609     21554.63
        8190     0.998066     1.363634 -0.001240417     21555.55
        8192    0.9979789     1.361352 -0.001253235     21556.98
        8194    0.9979244     1.358988 -0.001235067     21557.86
        8196    0.9978379     1.356307 -0.001231046     21558.99
        8198    0.9977861     1.353754  -0.00123292     21560.55
        8200    0.9976665     1.351504 -0.001251714     21561.33
        8202    0.9975711     1.349124 -0.001230648     21562.61
        8204    0.9975005     1.346294 -0.001246065     21563.55
        8206    0.9974223     1.343909 -0.001263327     21565.02
        8208    0.9973735     1.341536 -0.001233482      21566.1
        8210    0.9972992     1.339018 -0.001240388     21567.12
        8212    0.9971677     1.336426  -0.00124313     21567.72
        8214    0.9970495     1.333986 -0.001246894     21568.76
        8216    0.9969407     1.331591 -0.001228404     21569.26
        8218    0.9968407     1.329043  -0.00123623     21570.19
        8220    0.9967729     1.326599 -0.001279374     21571.05
        8222    0.9966759     1.324096  -0.00127059     21572.41
        8224    0.9965893     1.321356 -0.001257466     21573.83
        8226    0.9965166     1.318878 -0.001248178     21574.25
        8228    0.9963782     1.316539 -0.001224665     21573.73
        8230    0.9962976      1.31411 -0.001209915     21575.16
        8232     0.996198     1.311558 -0.001211879     21575.66
        8234    0.9960692     1.309198 -0.001211098     21576.66
        8236    0.9959704     1.306844 -0.001207517     21577.42
        8238    0.9958861     1.304421 -0.001181776     21578.16
        8240    0.9957686     1.301898 -0.001177848     21578.84
        8242    0.9957009     1.299744  -0.00117115     21579.58
        8244     0.995565     1.297421 -0.001161395     21580.54
        8246    0.9954265     1.295052 -0.001171388     21581.57
        8248    0.9953464     1.292607   -0.0011438     21582.11
        8250    0.9952475     1.290373 -0.001100648     21582.47
