# This file has been produced by extranormal (v 1.0.1 - February 23, 2017)
# O. Roudenko - Synchrotron SOLEIL. Covered by GPL licence.
#Data from HDF File: /nfs/ruche/rock-soleil/com-rock/2021/Projets/20210209_Hilde/References/G-Fe2O3_ref/G-Fe2O3_ref_00002.nxs to G-Fe2O3_ref_00200.nxs
#Time at start=2021-02-15 00:59:40.812
#Time from start (seconds)=500.749836981
#Sample temperature (C)=24.5
# Normalization -------------
# pivot spectrum: Pivot_Fe_10Ni-10Fe_50BN_RT_air_av2000_00001.txt
# E0=7112.0   Eshift=1.25188089029
# E0_pivot = 7112.0
# pre-edge params: from E0_pivot-140.0 to E0_pivot-20.0
# pre-edge range: [6972.0, 7092.0]
# post-edge params: from E0_pivot+100.0 to E0_pivot+1140.0
# post-edge range: [7212.0, 8250.0]
# I jump at E0_pivot = 1.3780105515
# shifted energy	normalized	reference	ref.derivative	I0
        6970  0.002450469   -0.7126482 -0.0007570211     18820.03
        6972  0.002450469   -0.7126482 -0.0007570211     18820.03
        6974  0.002066473   -0.7136587 -0.0006525104     18828.19
        6976  0.001872061   -0.7147353 -0.001147677     18835.93
        6978  0.001694142   -0.7187814 -0.001358896     18844.37
        6980  0.001406905   -0.7218296 -0.001814316      18853.9
        6982  0.001242696   -0.7245299 -0.001536003     18862.01
        6984 0.0008295739   -0.7292498 -0.001044259     18868.84
        6986 0.0005070208   -0.7310694 -0.0008794765     18875.78
        6988 0.0003083138   -0.7301837 -0.0006437093     18882.91
        6990 0.0002153063   -0.7315657 -0.0008619491     18891.05
        6992 5.246709e-05   -0.7343995  -0.00134474     18898.63
        6994 -6.368213e-05    -0.737965 -0.001688221     18905.87
        6996 -4.55906e-05   -0.7409416 -0.001702392     18914.87
        6998 -0.0001277835   -0.7450715 -0.001432683     18923.32
        7000 -0.0003792723   -0.7480187 -0.001511527     18930.84
        7002 -0.0003887805   -0.7494265 -0.001266343     18938.85
        7004 -0.0004175146   -0.7530338 -0.001524901     18947.61
        7006 -0.0006186552   -0.7552022 -0.001811618     18956.17
        7008 -0.0005932906   -0.7602179 -0.001364349     18964.19
        7010 -0.0004106429   -0.7639194 -0.001110885     18971.85
        7012 -0.000188699   -0.7639486 -0.0009062823     18980.24
        7014 -0.0002316572   -0.7640893 -0.0008459743     18988.11
        7016 -0.000407289   -0.7674681  -0.00135881     18996.14
        7018 -0.0006486395   -0.7706872 -0.001654996     19003.56
        7020 -0.000899849   -0.7748191 -0.001489714     19010.86
        7022 -0.0008704128   -0.7773293 -0.001360433     19018.42
        7024 -0.0006790944   -0.7793858 -0.001183574     19026.41
        7026 -0.0007072941   -0.7815707 -0.001494066        19035
        7028 -0.0008357353   -0.7842877 -0.001234167     19044.13
        7030 -0.0006867306   -0.7892818 -0.001214154     19052.04
        7032 -0.000838245   -0.7892592  -0.00125179     19059.45
        7034 -0.001029306   -0.7912839 -0.001127963     19066.03
        7036 -0.001009232    -0.794302 -0.001335417     19073.11
        7038 -0.001036482   -0.7983055 -0.001314353     19081.31
        7040 -0.001044606   -0.7999425 -0.001451107     19089.49
        7042 -0.0008994496   -0.8017987 -0.001290724     19098.27
        7044 -0.001012317   -0.8059109 -0.001143831     19107.11
        7046 -0.001025867   -0.8086313 -0.001426843     19115.67
        7048 -0.001070781   -0.8090932 -0.001382784      19123.3
        7050 -0.0009110986   -0.8132135 -0.001346153     19130.49
        7052 -0.0008007323   -0.8169731 -0.001671546     19138.43
        7054 -0.0007061492   -0.8194005 -0.001435083     19146.52
        7056 -0.0006569219   -0.8224655  -0.00115906     19154.96
        7058 -0.0005317772   -0.8246941 -0.001263766     19162.87
        7060 -0.0003908709   -0.8262456 -0.001064542     19170.54
        7062 -0.000148003   -0.8295106 -0.001076947     19177.88
        7064 -8.854384e-05   -0.8309819 -0.001323395     19185.23
        7066 -0.0001086935   -0.8333097 -0.001244958     19192.65
        7068 -0.0001316818   -0.8368328  -0.00136311     19199.74
        7070 -1.948773e-05   -0.8394703 -0.001253155     19207.61
        7072 6.926334e-05   -0.8418867 -0.0009957054     19215.64
        7074 0.0002967359   -0.8433349 -0.001077688     19224.06
        7076 0.0004474229   -0.8447984 -0.001220412     19232.89
        7078 0.0004594217   -0.8480918 -0.001289709     19240.71
        7080 0.0007395181     -0.85165 -0.001491623     19249.04
        7082   0.00113945   -0.8536526 -0.001197678     19256.95
        7084  0.001344767   -0.8567314 -0.001023871     19265.03
        7086   0.00165781   -0.8576732 -0.001182978      19272.6
        7088  0.001895903    -0.859841 -0.0008984301     19279.52
        7090  0.002152111   -0.8631164 -0.000977408     19287.27
        7092  0.002449851   -0.8639189 -0.0009868608     19295.49
        7094  0.002956655   -0.8654925 -0.0007818263     19303.61
        7096  0.003508437   -0.8677359 -0.0006842582     19310.84
        7098  0.003965762    -0.869371 -0.0004252493     19318.07
        7100  0.004798932   -0.8693929 -0.0002672304     19325.87
      7100.2  0.004882699   -0.8692685 -0.0002574269     19326.67
      7100.4  0.004966466    -0.869144 -0.0002476233     19327.47
      7100.6  0.005050234   -0.8690195 -0.0002378197     19328.27
      7100.8  0.005134001   -0.8688951 -0.0002280161     19329.07
        7101  0.005217768   -0.8687706 -0.0002182126     19329.87
      7101.2  0.005301535   -0.8686461 -0.000208409     19330.67
      7101.4  0.005465014   -0.8687643 -0.0004597844     19331.33
      7101.6  0.005593065   -0.8696824 -0.001763542     19331.94
      7101.8  0.005664564    -0.870948 -0.001209705     19332.53
        7102  0.005720033   -0.8706038 0.0001098002     19333.13
      7102.2  0.005819845   -0.8697321   0.00177264     19333.73
      7102.4  0.005986085   -0.8695946  0.001851489     19334.36
      7102.6  0.006077348   -0.8695299  0.001207635     19335.02
      7102.8  0.006193026   -0.8691226  0.001438481      19335.6
        7103  0.006290488    -0.868766  0.001746981     19336.55
      7103.2  0.006366748   -0.8684438  0.001338787     19337.39
      7103.4  0.006430764   -0.8681323  0.000809594     19338.35
      7103.6  0.006533964   -0.8680515 9.963767e-05     19339.39
      7103.8  0.006605131   -0.8681183 -0.0004649557     19340.06
        7104  0.006764539   -0.8683641 -0.0004393766     19341.14
      7104.2  0.006880033   -0.8685043 -4.966041e-05     19342.11
      7104.4  0.006930581   -0.8684031  0.001098257     19342.88
      7104.6  0.007074431    -0.868158  0.001551402     19343.81
      7104.8  0.007171466   -0.8674855  0.001382114     19344.55
        7105  0.007309192   -0.8672632  0.001243186     19345.36
      7105.2  0.007412331   -0.8672974  0.001411299     19346.17
      7105.4  0.007577934   -0.8671635  0.002235553     19347.05
      7105.6  0.007767915   -0.8663564  0.003058396     19347.65
      7105.8  0.007977297   -0.8654747  0.003102119     19348.44
        7106  0.008217271   -0.8648506  0.002107095        19349
      7106.2  0.008423605   -0.8646818  0.001511736     19349.85
      7106.4  0.008611665   -0.8646708  0.001740607     19350.53
      7106.6  0.008866451   -0.8642654  0.002624927     19351.05
      7106.8  0.009100545   -0.8634582  0.003466094     19351.79
        7107  0.009314195   -0.8625818  0.003702037     19352.89
      7107.2  0.009564782   -0.8618979  0.004318417     19353.86
      7107.4  0.009779517   -0.8613037  0.005774702     19354.41
      7107.6   0.00994273   -0.8600034   0.00592051     19354.95
      7107.8   0.01017846   -0.8579621  0.005395047     19355.77
        7108   0.01041748   -0.8571615  0.004269921     19356.23
      7108.2   0.01065008   -0.8569877  0.002477276     19356.75
      7108.4   0.01094418   -0.8565875  0.002387118     19357.38
      7108.6   0.01126334   -0.8559803  0.003627406     19357.88
      7108.8   0.01160554   -0.8552518  0.004426462     19358.18
        7109   0.01189993   -0.8540858  0.005688085     19358.48
      7109.2   0.01224878   -0.8530463  0.007307212     19358.86
      7109.4   0.01257645   -0.8514298  0.009230928     19359.09
      7109.6   0.01293456    -0.849406   0.01337308     19359.35
      7109.8    0.0133432    -0.846701    0.0203557     19359.53
        7110   0.01380385   -0.8423479   0.02928317     19359.64
      7110.2   0.01429223   -0.8351452   0.04037207     19359.32
      7110.4   0.01484863   -0.8259795   0.05465881     19358.86
      7110.6   0.01553402   -0.8144034   0.07071979     19358.31
      7110.8   0.01627383   -0.7986208   0.08895699     19357.42
        7111   0.01706306   -0.7785694    0.1105042     19356.47
      7111.2    0.0180027   -0.7548139    0.1309468     19355.24
      7111.4   0.01907818       -0.726    0.1484333     19353.92
      7111.6   0.02041148   -0.6938633    0.1614896     19352.59
      7111.8   0.02209795   -0.6598228    0.1658336     19351.18
        7112   0.02424731   -0.6256222    0.1642249     19349.79
      7112.2   0.02695403   -0.5933331    0.1583623     19348.36
      7112.4   0.03043087   -0.5624834     0.148642     19346.68
      7112.6   0.03473225   -0.5331329    0.1371229     19345.13
      7112.8   0.04018677   -0.5067086    0.1238695     19343.53
        7113   0.04676102   -0.4836347    0.1098194     19342.16
      7113.2   0.05437908   -0.4633878   0.09538731     19341.01
      7113.4   0.06289318   -0.4452774   0.08083499     19339.94
      7113.6    0.0719297   -0.4303988   0.06609473      19339.2
      7113.8   0.08050829   -0.4189667   0.05217762      19338.9
        7114   0.08777253   -0.4105121   0.04168419     19338.67
      7114.2   0.09314605   -0.4035353   0.03535554     19338.63
      7114.4   0.09602907   -0.3970515   0.03291547     19338.57
      7114.6   0.09617666   -0.3906823   0.03348498     19338.86
      7114.8     0.094033   -0.3841797    0.0349656     19339.35
        7115   0.09032153   -0.3767473   0.03630924     19339.62
      7115.2   0.08596581    -0.369079   0.03645055        19340
      7115.4   0.08160683   -0.3616349   0.03503748     19340.42
      7115.6    0.0781623   -0.3550192   0.03175668     19340.76
      7115.8   0.07590315   -0.3487174   0.02719123     19341.14
        7116   0.07471151   -0.3436736   0.02221888     19341.75
      7116.2   0.07435271   -0.3398819   0.01747371     19342.26
      7116.4   0.07455488   -0.3372441   0.01612533      19342.6
      7116.6   0.07515526   -0.3347384   0.01839661     19342.79
      7116.8   0.07596629   -0.3307734   0.02457996     19343.08
        7117     0.076895   -0.3251646   0.03206563     19343.23
      7117.2   0.07770569   -0.3175802     0.039064     19343.22
      7117.4   0.07838163   -0.3090859   0.04688632     19343.34
      7117.6   0.07907319   -0.2995222   0.05462927     19343.33
      7117.8   0.07980438   -0.2876556   0.06381982     19343.28
        7118    0.0804788   -0.2738767   0.07322903     19342.88
      7118.2   0.08134894     -0.25803   0.08198211     19342.75
      7118.4   0.08243181   -0.2409389   0.09163021     19342.64
      7118.6   0.08370955   -0.2220699    0.1016236     19342.71
      7118.8   0.08547678   -0.2005726    0.1092889     19342.49
        7119   0.08780541   -0.1767312    0.1147819      19342.3
      7119.2   0.09075209   -0.1535079    0.1176906     19342.11
      7119.4   0.09441128   -0.1302444    0.1184559      19342.2
      7119.6   0.09892502   -0.1064201    0.1213985     19341.91
      7119.8    0.1044632  -0.08196644    0.1266813     19341.77
        7120    0.1110486  -0.05638904    0.1299402     19341.49
      7120.2    0.1186669  -0.02889933    0.1315105     19341.32
      7120.4    0.1274343 -0.002467918    0.1316255     19340.95
      7120.6    0.1374441   0.02324196     0.126848     19340.61
      7120.8    0.1488329   0.04891132    0.1241842     19340.42
        7121    0.1618193   0.07257906    0.1216372     19340.29
      7121.2    0.1764179   0.09687942    0.1192895      19340.1
      7121.4    0.1925096    0.1205517    0.1197327     19339.89
      7121.6    0.2106325    0.1443429    0.1144033     19339.69
      7121.8    0.2308149    0.1683652    0.1034558     19339.48
        7122    0.2524882    0.1884021   0.08860293     19339.18
      7122.2    0.2751188    0.2033163   0.06940864     19338.79
      7122.4    0.2989606    0.2152253   0.04939227      19338.4
      7122.6    0.3239513    0.2238921   0.03163768     19338.11
      7122.8    0.3488887    0.2279159   0.01756355      19337.6
        7123    0.3730906    0.2286265  0.006855638     19337.17
      7123.2    0.3968286    0.2292761  0.001912167     19336.78
      7123.4    0.4199963    0.2293766  0.002440525     19336.43
      7123.6    0.4420423    0.2294456  0.005896124     19336.21
      7123.8    0.4625536    0.2305789   0.01413981     19335.68
        7124     0.481922     0.233993    0.0184922     19335.29
      7124.2    0.5008714    0.2406885   0.01609573     19334.85
      7124.4     0.519224    0.2442394   0.01045327      19334.3
      7124.6    0.5371675    0.2434555  0.005675364     19333.99
      7124.8    0.5552614    0.2423556  0.006344988      19333.5
        7125     0.573946    0.2452288  0.009683217        19333
      7125.2    0.5936673    0.2493154   0.01155325     19332.53
      7125.4    0.6149955    0.2512021  0.009664381     19332.03
      7125.6    0.6382473    0.2515982   0.00125541     19331.42
      7125.8    0.6633421    0.2529603 -0.004572492     19330.54
        7126    0.6904968    0.2503197 -0.007215922     19329.59
      7126.2    0.7202495    0.2475441  -0.02033818     19328.66
      7126.4    0.7523594    0.2458255  -0.02983905     19327.86
      7126.6    0.7853974    0.2366897  -0.03562397     19326.79
      7126.8    0.8185416    0.2264485  -0.03951986      19325.6
        7127    0.8528582    0.2190449  -0.04337802     19324.95
      7127.2    0.8869997    0.2142096  -0.04726421        19324
      7127.4    0.9190551    0.2019873  -0.05730878     19323.31
      7127.6    0.9488352    0.1886371  -0.06654289     19322.73
      7127.8    0.9765369    0.1731979  -0.05985869     19322.11
        7128     1.001637    0.1609753  -0.04978415     19321.52
      7128.2     1.023218    0.1541004  -0.04620414     19321.12
      7128.4     1.041733    0.1488098  -0.03937314      19320.6
      7128.6     1.058356    0.1362346   -0.0344445     19320.21
      7128.8     1.073042    0.1294768  -0.03711376     19319.96
        7129     1.086676    0.1265448  -0.03116758     19319.48
      7129.2     1.100344    0.1191188  -0.02541127     19319.16
      7129.4     1.114468    0.1113005  -0.02655277     19318.72
      7129.6     1.129394    0.1091478  -0.01957146      19318.3
      7129.8     1.145828    0.1053025   -0.0119184     19317.59
        7130     1.164267    0.1034616    -0.015789     19316.77
      7130.2     1.184396    0.1017658  -0.02459883     19315.72
      7130.4     1.206552   0.09651657  -0.04723283      19314.7
      7130.6     1.230463   0.08562347  -0.07271588     19313.66
      7130.8     1.256482   0.06567533  -0.09410373     19312.65
        7131     1.283456   0.04359307   -0.1044148     19311.49
      7131.2     1.310863   0.02123358   -0.1065752     19310.13
      7131.4     1.338447  0.002091596   -0.1154111     19309.05
      7131.6     1.366518  -0.01958483   -0.1289906     19307.94
      7131.8     1.393401  -0.04873582   -0.1296688     19306.81
        7132     1.417838  -0.08195892   -0.1275992     19305.69
      7132.2     1.439787   -0.1016434   -0.1198795     19305.01
      7132.4     1.458907   -0.1216642   -0.1070838     19304.26
      7132.6     1.474204   -0.1446394   -0.1018221     19303.79
      7132.8     1.485084    -0.167626  -0.09027965     19303.57
        7133     1.491809   -0.1831011  -0.06462053     19303.67
      7133.2     1.494646   -0.1938879   -0.0426138     19303.75
      7133.4     1.493444   -0.1963358  -0.01634672     19304.16
      7133.6      1.48836    -0.201717  0.009869027     19304.95
      7133.8     1.480115   -0.1961785   0.01849083     19305.86
        7134     1.470045   -0.1859927   0.03673329     19306.88
      7134.2     1.456966   -0.1815431   0.04784179     19308.05
      7134.4     1.441777   -0.1723304   0.04957727     19309.22
      7134.6     1.425407    -0.157905   0.05888398     19310.46
      7134.8     1.408814   -0.1463308   0.06314283     19311.56
        7135     1.392063    -0.134436   0.05777162     19312.37
      7135.2     1.374647   -0.1218161   0.05436924     19313.57
      7135.4     1.357342   -0.1116877   0.04839155     19314.61
      7135.6     1.340691   -0.1028355   0.04038703     19315.75
      7135.8     1.325518  -0.09572271   0.03549648     19316.77
        7136     1.311777  -0.08950652   0.03246352     19317.58
      7136.2     1.298655  -0.08329054   0.03037724      19318.2
      7136.4     1.287347  -0.07686465   0.03284812     19318.46
      7136.6     1.277855  -0.07142092   0.03705813     19317.66
      7136.8     1.269096  -0.06322802   0.03682982     19314.83
        7137     1.262539  -0.05364404   0.02881042     19308.21
      7137.2     1.257006  -0.04740079   0.01887206     19295.18
      7137.4     1.252145  -0.04837259   0.01006702     19272.45
      7137.6     1.247941  -0.04813037  0.005257884     19238.39
      7137.8     1.244267  -0.04559042   0.01165085     19194.54
        7138      1.24118  -0.04319448   0.01360305     19146.64
      7138.2     1.238014  -0.03905191   0.01334394     19103.23
      7138.4     1.235031  -0.03724792   0.01483651     19074.26
      7138.6     1.232178  -0.03491527   0.01899504     19064.05
      7138.8      1.22943  -0.03132527   0.03122622     19071.71
        7139     1.226361  -0.02385587   0.04871569     19092.76
      7139.2     1.223273  -0.01226695   0.05937892     19121.81
      7139.4     1.219741  0.004057276   0.06130669     19154.29
      7139.6     1.216229   0.01617786   0.05857779     19187.99
      7139.8     1.212442   0.02518948   0.04778711     19221.31
        7140     1.208101   0.03459529   0.04965782     19251.62
      7140.2     1.203802   0.04228697   0.04531939     19276.88
      7140.4     1.198802   0.05590412   0.03053308     19294.53
      7140.6     1.193389   0.06144499   0.02519083     19305.63
      7140.8     1.187421   0.05902175  0.006829467     19312.21
        7141      1.18119   0.06243963 -0.002455159     19316.05
      7141.2     1.174771    0.0613677 -0.0001951718     19317.18
      7141.4     1.167939   0.05948087 -0.005049369     19315.41
      7141.6     1.160955   0.05886562 -0.001844777     19308.12
      7141.8     1.154064   0.05840013   0.01281824     19293.22
        7142     1.147246   0.05989188   0.02256143     19266.87
      7142.2      1.14014   0.06973546   0.02350033     19228.25
      7142.4     1.133103   0.07691476   0.01796678     19180.07
      7142.6      1.12619    0.0772004  0.002002495     19127.97
      7142.8     1.119408    0.0742653  0.001529713     19082.72
        7143     1.113367   0.07133745   0.01205013     19055.97
      7143.2     1.107125   0.07813853   0.01914555     19051.57
      7143.4     1.101619   0.08684051   0.02710096     19069.18
      7143.6     1.097079   0.08958174   0.02753314     19105.54
      7143.8     1.093508   0.09301822   0.01864893     19151.79
        7144     1.090778     0.100165    0.0164926     19198.71
      7144.2     1.088511    0.1017596   0.01840224     19241.22
      7144.4     1.087365    0.1027758   0.01160015     19275.89
      7144.6     1.086804      0.10774  0.004732741     19299.36
      7144.8      1.08721    0.1094452 -0.002198219     19313.55
        7145     1.088214    0.1055458   -0.0141167     19322.53
      7145.2     1.089714    0.1010172  -0.01530686      19328.8
      7145.4     1.091765   0.09644664 -0.008070845     19333.76
      7145.6     1.094026   0.09719967 -0.0006755022     19337.81
      7145.8     1.096765   0.09908917    0.0153948     19341.11
        7146     1.099688    0.1004768   0.02249898     19344.16
      7146.2     1.102566    0.1087625   0.02173692     19346.68
      7146.4     1.105336    0.1151989   0.02236601     19348.92
      7146.6      1.10777    0.1164787   0.01064258     19351.24
      7146.8      1.10972    0.1183697  6.95627e-05     19353.38
        7147      1.11138    0.1172765 -0.001614232     19355.43
      7147.2     1.112265    0.1152545 -0.001880887     19357.39
      7147.4     1.112543    0.1151873  0.004936749     19359.18
      7147.6     1.112005    0.1168649   0.01925981     19361.07
      7147.8     1.111058    0.1212259   0.03270952     19362.59
        7148     1.109222    0.1306624   0.03960062     19364.32
      7148.2     1.106541    0.1413549   0.04606791     19366.13
      7148.4     1.103284    0.1485454   0.03827226     19367.56
      7148.6     1.099268    0.1580803   0.01857137     19369.26
      7148.8      1.09472    0.1612802  0.004342843     19370.96
        7149     1.089319     0.156212 -0.007329442      19372.5
      7149.2     1.083424    0.1520197 -0.001394595     19374.07
      7149.4     1.077145    0.1522167   0.01113153      19375.6
      7149.6     1.070728    0.1601645   0.02022414     19377.01
      7149.8     1.064315    0.1651173   0.02974601     19378.13
        7150     1.057509     0.168199   0.03655527     19379.29
      7150.2     1.050081    0.1760135    0.0430941     19380.62
      7150.4     1.042842    0.1894087    0.0459012     19381.76
      7150.6     1.035926    0.1995925   0.04103257      19382.8
      7150.8     1.028864      0.20492   0.02988823     19384.13
        7151     1.021779    0.2088396   0.02550276     19385.39
      7151.2     1.014987    0.2133193   0.02385628     19386.31
      7151.4     1.008563    0.2199947   0.02962757     19387.38
      7151.6     1.002063     0.224005   0.03952492     19388.34
      7151.8    0.9958142    0.2325416   0.04182082     19389.18
        7152    0.9900244    0.2449392   0.03824857     19390.02
      7152.2    0.9845965    0.2534514   0.02745663        19391
      7152.4    0.9794273    0.2546039   0.01705812        19392
      7152.6    0.9743824    0.2545069   0.01167057      19393.1
      7152.8    0.9697389    0.2585857   0.01854073     19394.08
        7153    0.9655522    0.2627879   0.03157973     19395.07
      7153.2    0.9616104    0.2694365   0.03786432     19395.88
      7153.4    0.9579386    0.2797707   0.03339456     19396.81
      7153.6    0.9545332    0.2888772   0.01942562     19397.72
      7153.8    0.9514196    0.2895035  0.004327478     19398.59
        7154    0.9482515    0.2849769 -0.003671108     19399.54
      7154.2    0.9452848    0.2832327 -0.002357721     19400.27
      7154.4    0.9423174    0.2859403 -0.001703758     19401.09
      7154.6    0.9394047    0.2876173 -0.006724793     19401.86
      7154.8    0.9363457    0.2836139  -0.01124299     19402.73
        7155     0.933531    0.2778529 -0.009734967     19403.64
      7155.2    0.9310623    0.2769459 -0.004293746     19404.67
      7155.4    0.9280468    0.2798294 -0.001594396     19405.87
      7155.6    0.9249236    0.2801789  0.001681525     19406.61
      7155.8    0.9221622    0.2765774 -0.003947322     19407.69
        7156    0.9191885    0.2782911  -0.01020289     19408.88
      7156.2    0.9162655    0.2766715 -0.004267556     19409.56
      7156.4    0.9130935    0.2720166  0.006147642     19410.55
      7156.6    0.9101193    0.2731633   0.01678675     19411.26
      7156.8    0.9071615    0.2832092   0.02546251     19411.98
        7157    0.9041486    0.2901009    0.0256568     19412.56
      7157.2    0.9011452    0.2923866   0.01894402     19413.37
      7157.4    0.8982219    0.2936888   0.01865845     19414.18
      7157.6    0.8954504    0.2983644   0.01997161     19415.09
      7157.8    0.8927474    0.3050277   0.02038259     19415.97
        7158     0.890151    0.3083639   0.01864836     19416.63
      7158.2    0.8873242    0.3099948   0.01314908     19417.22
      7158.4    0.8846704    0.3132831   0.01231716     19417.83
      7158.6    0.8819969    0.3155469   0.01298931     19418.49
      7158.8    0.8793331    0.3182177   0.01087301     19419.16
        7159    0.8768849    0.3203863   0.01244841     19419.74
      7159.2    0.8743689    0.3219815   0.01391707     19420.21
      7159.4    0.8720422    0.3255057   0.01450199     19420.93
      7159.6    0.8695869    0.3293513   0.01761798      19421.6
      7159.8    0.8674336    0.3319879   0.01214038     19421.99
        7160    0.8652243    0.3360759  0.002556856     19422.59
      7160.2    0.8632492     0.335218 -0.005093377      19423.4
      7160.4    0.8612314    0.3313968  -0.01412572     19424.14
      7160.6    0.8597818    0.3279132  -0.02003172      19425.1
      7160.8    0.8583094    0.3247754  -0.02395567     19425.87
        7161    0.8569865    0.3191926  -0.02762243      19426.7
      7161.2    0.8558334    0.3122323   -0.0299696      19427.4
      7161.4    0.8546245    0.3058152  -0.01538854     19427.79
      7161.6    0.8537777    0.3007997  0.005650825     19428.44
      7161.8     0.853161    0.3068817   0.02177817     19429.04
        7162    0.8527779    0.3167529   0.02774217     19429.32
      7162.2    0.8525446    0.3232378   0.02081826     19429.58
      7162.4    0.8523246    0.3229934  0.005365508     19430.12
      7162.6    0.8521118    0.3235364 -0.009233769     19430.46
      7162.8    0.8523821    0.3210453 -0.009687655     19430.88
        7163    0.8527361    0.3158508  -0.00557048     19431.42
      7163.2    0.8530422    0.3152433  0.006127919     19431.69
      7163.4    0.8534783      0.31908   0.01730712     19431.93
      7163.6    0.8538755    0.3259477   0.01272914     19432.23
      7163.8    0.8545449    0.3296965 0.0006744118      19432.7
        7164    0.8553774    0.3254266  -0.01547956     19433.08
      7164.2    0.8562333    0.3196195  -0.02546731     19433.35
      7164.4    0.8570383     0.313564   -0.0267578     19433.85
      7164.6    0.8578573    0.3093226  -0.03202031     19434.23
      7164.8    0.8588347    0.3040204   -0.0310624     19434.57
        7165    0.8598506    0.2940033  -0.02543827     19435.06
      7165.2    0.8610062    0.2887141  -0.02209715      19435.4
      7165.4    0.8620485     0.288972  -0.01284416     19435.87
      7165.6    0.8632812    0.2863426 -0.003793859     19436.35
      7165.8    0.8643561    0.2837279  0.004011948     19436.72
        7166     0.865699     0.285679   0.01239683     19437.33
      7166.2    0.8671098    0.2921815   0.01859797     19437.74
      7166.4    0.8683392    0.2962601     0.017154     19437.69
      7166.6    0.8695126    0.2986063   0.01045532     19437.88
      7166.8     0.871138    0.2994022   0.01079784     19437.95
        7167    0.8723973    0.3005458  0.005211249     19437.93
      7167.2    0.8738308    0.3048984  0.003744051     19438.13
      7167.4    0.8755389    0.3027753   0.00287218     19438.55
      7167.6    0.8771743    0.3023975  -0.01161822     19438.71
      7167.8    0.8786879    0.3028435  -0.01982728     19438.71
        7168    0.8804349    0.2956038  -0.02740636     19438.76
      7168.2    0.8822027    0.2869135  -0.03438895        19439
      7168.4    0.8839864    0.2804724  -0.03148088     19439.42
      7168.6    0.8859078    0.2753324  -0.02944297     19440.02
      7168.8    0.8879172    0.2704191  -0.02737449     19440.47
        7169    0.8899433    0.2633591   -0.0204881     19441.04
      7169.2    0.8921488    0.2585728  -0.01456936     19441.71
      7169.4    0.8944011    0.2589419 -0.008141992     19442.46
      7169.6    0.8965343    0.2587636 -0.006241623     19443.05
      7169.8    0.8988143    0.2568455  -0.00848509      19443.5
        7170    0.9011426    0.2535795 -0.007541393     19444.05
      7170.2    0.9036477    0.2521538 -0.002046355     19444.35
      7170.4     0.906216    0.2527305  0.004049588     19444.93
      7170.6    0.9087628    0.2552084  0.003324021     19445.32
      7170.8    0.9114986    0.2568192 0.0005649523     19446.04
        7171    0.9142094    0.2548131 2.689634e-05     19446.69
      7171.2     0.917203    0.2531825 0.0006787622     19447.48
      7171.4    0.9200831    0.2552299 0.0006104629     19448.19
      7171.6    0.9230103    0.2573622 -0.003796577     19448.99
      7171.8    0.9258607    0.2553014  -0.01120006      19449.7
        7172     0.929153    0.2501452  -0.01429564     19450.36
      7172.2    0.9323873    0.2462699  -0.01810911     19451.19
      7172.4    0.9355893    0.2459256  -0.01967045     19451.82
      7172.6    0.9386727    0.2408141  -0.02460116     19452.41
      7172.8    0.9421996    0.2344088  -0.03102731     19453.07
        7173    0.9455665     0.226589  -0.03004425     19453.81
      7173.2    0.9488561    0.2211038  -0.02111672     19454.51
      7173.4    0.9523629    0.2167787  -0.01111287     19455.26
      7173.6    0.9560552    0.2175155  -0.01006343      19455.7
      7173.8    0.9595305    0.2176987   -0.0132506     19456.51
        7174    0.9630094    0.2130531   -0.0225787     19457.22
      7174.2      0.96657    0.2061783  -0.03255494     19457.62
      7174.4    0.9700709    0.1994525  -0.02948442     19458.24
      7174.6    0.9734485    0.1916547  -0.01839509     19458.88
      7174.8    0.9767596    0.1894655  -0.01091627     19459.43
        7175     0.979963    0.1914622   -0.0059182     19460.07
      7175.2     0.983095    0.1907195 -0.007843137     19460.85
      7175.4    0.9861687    0.1869202  -0.01540419     19461.64
      7175.6    0.9890046     0.183191  -0.01573913     19462.44
      7175.8     0.991629    0.1791388  -0.01045628     19463.31
        7176     0.994075    0.1781282  -0.01098648     19464.12
      7176.2    0.9965406    0.1785551  -0.01656915     19464.71
      7176.4    0.9987683    0.1744018  -0.02477756     19465.31
      7176.6      1.00082    0.1658835  -0.02981318     19465.83
      7176.8     1.002905    0.1583061  -0.02726633     19466.32
        7177     1.004653    0.1547046   -0.0256545     19466.74
      7177.2     1.006416    0.1525888  -0.02220197     19467.34
      7177.4     1.008226    0.1453599  -0.02218153     19467.95
      7177.6      1.00982    0.1405445  -0.02195041     19468.72
      7177.8     1.011343    0.1369594  -0.01768013      19469.8
        7178     1.012948    0.1350284  -0.01531005     19471.02
      7178.2     1.014773    0.1312158 -0.006637023     19471.95
      7178.4     1.016384    0.1282965 0.0009601828     19472.85
      7178.6     1.018025    0.1316497  0.006153773     19473.58
      7178.8     1.019572    0.1357966  0.005310502     19474.21
        7179     1.021156    0.1361388 -0.002110946     19474.74
      7179.2     1.022964    0.1325449 -0.008196855     19475.72
      7179.4     1.024788     0.129961 -0.009671135     19476.28
      7179.6     1.026448    0.1292391 -0.004958378      19476.8
      7179.8     1.028039    0.1284019 -0.0008849201     19477.32
        7180     1.029933    0.1285782  0.005393319     19477.77
      7180.2     1.031766    0.1292531   0.01195494     19478.31
      7180.4     1.033651    0.1335537   0.01352721     19478.93
      7180.6     1.035539    0.1379659   0.00754262     19479.34
      7180.8     1.037312       0.1394 -0.001152909     19479.99
        7181     1.039064    0.1352872  -0.01254807     19480.47
      7181.2     1.040936    0.1326314  -0.02373577     19481.14
      7181.4     1.042783    0.1279274  -0.02402802      19481.9
      7181.6     1.044672    0.1204114  -0.02126185     19482.49
      7181.8     1.046465    0.1160647  -0.01576879     19483.37
        7182     1.048349    0.1156219 -0.005859082     19484.06
      7182.2     1.049897    0.1153124  0.002032657     19484.85
      7182.4      1.05151    0.1157241 7.195691e-05     19485.33
      7182.6     1.052921    0.1176909 -0.002496355     19486.05
      7182.8     1.054572    0.1156795 -0.009759567     19486.97
        7183     1.055891    0.1133153  -0.01895313     19487.37
      7183.2     1.057025    0.1079164  -0.01544676     19487.99
      7183.4     1.058336    0.1025284 -0.008217528     19489.04
      7183.6     1.059451    0.1033221  0.005736761     19489.77
      7183.8     1.060432    0.1067413   0.02095638     19490.45
        7184     1.061181    0.1125058   0.02705296     19491.31
      7184.2     1.062089    0.1192935   0.02859434     19492.15
      7184.4     1.063052    0.1249645   0.02254244     19492.77
      7184.6     1.063674    0.1296167   0.01259865     19493.39
      7184.8     1.064288    0.1305398  0.008962854     19494.02
        7185      1.06495    0.1293724   0.00549414      19494.9
      7185.2     1.065477    0.1321347  0.007566029     19495.67
      7185.4      1.06593     0.134012   0.01191456     19496.45
      7185.6      1.06618    0.1365926  0.009761362     19497.45
      7185.8     1.066607     0.138904  0.005175402     19498.47
        7186     1.066898    0.1399438  -0.00231006      19499.4
      7186.2      1.06713    0.1381524  -0.01008535     19500.29
      7186.4      1.06738    0.1347446  -0.01977349     19501.32
      7186.6     1.067585    0.1308357  -0.02493849     19502.35
      7186.8     1.067874     0.124125  -0.02399747      19503.1
        7187     1.067848    0.1182016  -0.02094599     19504.01
      7187.2     1.067815    0.1155466 -0.009722755     19504.76
      7187.4     1.068039     0.114079  0.004467963     19505.59
      7187.6     1.068071    0.1163468   0.01575054     19506.28
      7187.8     1.068134    0.1217759   0.02499752     19507.18
        7188     1.068431     0.128147   0.02557582     19507.71
      7188.2     1.068408     0.134077   0.02421484     19508.27
      7188.4     1.068052    0.1368075    0.0225505     19509.03
      7188.6     1.067884    0.1411478   0.02313091     19509.85
      7188.8     1.067875    0.1461874   0.02789482     19510.56
        7189     1.067884    0.1525817   0.03250205     19511.28
      7189.2     1.067805    0.1591233   0.03134325     19512.13
      7189.4      1.06761    0.1671495   0.02672534     19512.94
      7189.6     1.067516     0.171262   0.01686989     19513.71
      7189.8      1.06738     0.173962   0.01102022     19514.61
        7190     1.067224    0.1726193   0.01317975     19515.39
      7190.2     1.066972    0.1759656  0.009323477     19516.09
      7190.4     1.066763    0.1818058  0.006949483     19517.06
      7190.6      1.06658    0.1814208  0.003066181        19518
      7190.8     1.066242    0.1781788 -0.003868683     19518.96
        7191     1.066028    0.1784186 -0.003651759     19519.96
      7191.2     1.065774    0.1787109 -0.001780346     19520.93
      7191.4     1.065555    0.1784993 -0.006763434     19521.63
      7191.6     1.065284    0.1767546   -0.0061816     19522.27
      7191.8     1.065111    0.1730078 -0.001466226     19523.17
        7192     1.065003    0.1737656  0.002753256     19523.96
      7192.2     1.064578    0.1773264  0.008612502     19524.65
      7192.4     1.064223    0.1789572   0.01425653     19525.49
      7192.6     1.063726    0.1798978   0.01858795     19526.43
      7192.8     1.063633    0.1851708   0.02665146     19527.43
        7193     1.063413    0.1921967   0.03318977     19528.34
      7193.2     1.062952    0.2002783   0.03332186      19529.3
      7193.4     1.062484    0.2064497   0.03563051     19530.05
      7193.6     1.061905    0.2118283   0.02829774     19530.88
      7193.8     1.061391    0.2207011    0.0146538      19531.8
        7194     1.061231    0.2229165  0.003435877     19532.51
      7194.2     1.060708    0.2181727 -0.008055332     19533.18
      7194.4     1.060076     0.214577  -0.01043986     19534.07
      7194.6     1.059222    0.2142569 -0.008326247     19534.99
      7194.8     1.058819    0.2145646  -0.01090833     19535.83
        7195     1.058258    0.2115117  -0.01615099     19536.62
      7195.2     1.057683    0.2058503  -0.01821426     19537.54
      7195.4     1.057031    0.2013361  -0.01642137     19538.21
      7195.6     1.056317    0.1999932  -0.01174199        19539
      7195.8     1.055752    0.1983746 -0.007464513     19539.85
        7196     1.055137    0.1964568 -0.007404341     19540.74
      7196.2     1.054485    0.1953645 -0.004617053     19541.78
      7196.4     1.053407    0.1940698  0.004685506     19542.93
      7196.6     1.052738     0.194681   0.01222372     19543.96
      7196.8     1.052271    0.2002052   0.02011184     19545.05
        7197      1.05139    0.2051435   0.02133756     19546.02
      7197.2     1.050614    0.2101592   0.01808154     19547.04
      7197.4     1.049877     0.211751   0.01315261     19547.55
      7197.6     1.049019    0.2146704   0.00438528     19548.49
      7197.8     1.048269    0.2156655 -0.002001645     19549.47
        7198     1.047832    0.2136675 -0.008926909     19550.36
      7198.2     1.046897    0.2101497   -0.0120783     19551.22
      7198.4     1.046134    0.2075289  -0.01536118     19552.05
      7198.6     1.045241    0.2060029  -0.01960123     19553.04
      7198.8     1.044341    0.2013785  -0.02244027     19553.65
        7199     1.043532    0.1944687  -0.02207479     19554.54
      7199.2      1.04269    0.1895767  -0.01466661     19555.42
      7199.4     1.041952    0.1883431 -0.007305268     19556.22
      7199.6     1.041138    0.1896452 -0.001074079      19556.9
      7199.8     1.040336    0.1886245   0.00189445     19557.54
        7200      1.03957    0.1887174 -0.002318734     19558.22
      7200.2     1.038763    0.1898586 -0.007478668     19559.02
      7200.4      1.03799    0.1877902  -0.01637688     19559.76
      7200.6     1.037162    0.1826416  -0.02196802     19560.35
      7200.8     1.036416    0.1756159  -0.02426041     19561.16
        7201     1.035496    0.1722842  -0.01989212     19561.91
      7201.2     1.034451    0.1683819  -0.01143018     19562.68
      7201.4      1.03369    0.1667279 -0.004539154     19563.34
      7201.6     1.033053    0.1664717 -0.0006133233     19564.12
      7201.8     1.031727    0.1686529 -0.002460758     19564.65
        7202     1.031178    0.1678912 -0.008058066     19565.24
      7202.2     1.030186    0.1647593  -0.01329357     19566.16
      7202.4     1.029043    0.1600253  -0.01553601     19567.02
      7202.6     1.028122     0.158018   -0.0202451     19567.74
      7202.8     1.026935    0.1554624  -0.02170884     19568.64
        7203        1.026    0.1485632  -0.02065304     19569.32
      7203.2     1.025028    0.1426582  -0.01584493     19570.22
      7203.4     1.024059    0.1414956 -0.006181728     19571.16
      7203.6     1.023257    0.1427865 -0.0001014817     19572.12
      7203.8     1.022345    0.1436178 -0.0001391404     19572.95
        7204     1.021424     0.142577 -0.0008108743     19573.78
      7204.2     1.020559    0.1413843 0.0009396357     19574.36
      7204.4     1.019759    0.1421378 -0.002777043        19575
      7204.6     1.018841    0.1443695 -0.007212156     19575.42
      7204.8     1.018084    0.1403554  -0.01179683     19575.88
        7205     1.017217    0.1356146  -0.01871294     19576.34
      7205.2     1.016444    0.1327003  -0.02025054     19576.91
      7205.4     1.015504    0.1293992  -0.02225929     19577.78
      7205.6     1.014453     0.124155  -0.02607269     19578.59
      7205.8     1.013711    0.1178071  -0.02648498      19579.3
        7206     1.013037    0.1118422  -0.02471072     19580.33
      7206.2     1.012086    0.1082112  -0.02392524     19581.13
      7206.4     1.011035    0.1043864  -0.02139345     19581.98
      7206.6     1.010364   0.09866694  -0.01464565     19583.05
      7206.8     1.009657   0.09472742 -0.008709034     19583.64
        7207     1.008822   0.09649464 -0.007146095     19584.14
      7207.2      1.00788   0.09741917 -0.003172084      19584.8
      7207.4     1.007311   0.09295006 -0.001033867     19585.58
      7207.6     1.006563   0.09218975 0.0005531942     19586.19
      7207.8     1.005811   0.09566755  0.008369094     19586.81
        7208     1.005164   0.09786172   0.01051481     19587.46
      7208.2      1.00451   0.09964534   0.01099647     19588.24
      7208.4      1.00399    0.1006016   0.01452198     19589.09
      7208.6     1.003483    0.1044647   0.01530779     19589.88
      7208.8     1.002962    0.1094793   0.01627438     19590.92
        7209     1.002292    0.1118916   0.01744415     19591.73
      7209.2     1.001942    0.1136211   0.02243419     19592.41
      7209.4     1.001523      0.11842   0.03006663        19593
      7209.6     1.001083    0.1274267    0.0327934     19593.81
      7209.8     1.000387    0.1359449   0.03485936     19594.54
        7210    0.9998745    0.1398558   0.03085544     19594.83
      7210.2    0.9995096    0.1463075    0.0239362     19595.24
      7210.4    0.9991385     0.152111   0.02185168     19595.91
      7210.6    0.9989409    0.1550938   0.01608141     19596.26
      7210.8    0.9987302    0.1573372   0.01075173     19596.82
        7211    0.9981989    0.1591727    0.0103811     19597.46
      7211.2    0.9978749    0.1607124   0.01456985     19598.21
      7211.4    0.9976332    0.1633987   0.01985032     19598.67
      7211.6      0.99736    0.1689931     0.024327     19599.09
      7211.8    0.9970873    0.1750529   0.02547561     19599.58
        7212    0.9969253     0.180174   0.01823424      19600.3
      7212.2    0.9969174    0.1837792   0.01049475     19601.05
      7212.4    0.9968315    0.1835804  0.008220939     19601.84
      7212.6    0.9967275    0.1834487  0.009803735     19602.61
      7212.8     0.996594    0.1867508   0.01498521     19603.26
        7213    0.9965249    0.1916222   0.02170551     19603.96
      7213.2       0.9966    0.1955686   0.02411572      19604.6
      7213.4    0.9964709    0.2008131   0.02181451     19605.45
      7213.6    0.9966806    0.2060433   0.02034214      19606.2
      7213.8    0.9967285    0.2090738   0.02211745     19606.76
        7214    0.9970049    0.2118423   0.03031995     19607.36
      7214.2    0.9971056    0.2185071   0.04316432     19608.02
      7214.4    0.9972847    0.2302993   0.05649859     19608.85
      7214.6    0.9974492    0.2436052   0.06292249     19609.72
      7214.8    0.9973676    0.2570412   0.06218778      19610.4
        7215    0.9978044    0.2688451   0.05459664     19610.96
      7215.2    0.9981998    0.2800495   0.04305679     19611.88
      7215.4    0.9984094    0.2872826   0.03175571     19612.56
      7215.6    0.9987375    0.2914866   0.02144382     19613.03
      7215.8    0.9989461    0.2942496   0.01654198     19613.61
        7216    0.9991839    0.2972046   0.01461174     19614.14
      7216.2    0.9994631    0.3005162   0.01619306     19614.68
      7216.4    0.9997545     0.303176   0.01698627     19615.09
      7216.6     1.000003    0.3072041   0.01493838     19615.59
      7216.8     1.000333    0.3107936   0.01217077     19616.07
        7217     1.000599    0.3124669   0.00430288     19616.56
      7217.2     1.000865    0.3129126 -0.003051644     19617.23
      7217.4     1.001161    0.3106464  -0.00797027     19617.81
      7217.6      1.00157    0.3083523 -0.005920533     19618.36
      7217.8     1.001962    0.3060906 -0.0006831419     19618.83
        7218     1.002367    0.3081762 -0.003717971      19619.6
      7218.2     1.002727    0.3100999 -0.006121641     19620.46
      7218.4     1.003084    0.3053779 -0.009473882     19621.09
      7218.6     1.003424    0.3011933 -0.009384544     19621.94
      7218.8     1.003847    0.3005971   0.00160502      19622.8
        7219     1.004344    0.3025923   0.02190432     19623.44
      7219.2     1.004641    0.3066619   0.04353064     19623.89
      7219.4     1.004879    0.3187168   0.05616857      19624.3
      7219.6       1.0053    0.3354216   0.05811821     19624.92
      7219.8     1.005811    0.3475271   0.04848446     19625.57
        7220     1.006245    0.3531565   0.03652545      19625.9
      7220.2     1.006718    0.3575044   0.02488262     19626.57
      7220.4     1.007113     0.364642   0.01417917     19627.33
      7220.6     1.007589    0.3674332 0.0008273898     19627.97
      7220.8      1.00805    0.3644998 -0.008618522     19628.93
        7221     1.008505    0.3581663  -0.01331937     19629.93
      7221.2     1.008712    0.3577471  -0.01754959     19630.74
      7221.4     1.009142    0.3567777   -0.0178392     19631.39
      7221.6     1.009713    0.3504601  -0.02014806     19632.18
      7221.8     1.010197    0.3438949  -0.02251531     19632.97
        7222     1.010624    0.3416287  -0.01974304     19633.76
      7222.2     1.010876    0.3387655  -0.01428952     19634.62
      7222.4     1.011461    0.3346657  -0.01657779     19635.63
      7222.6     1.011936    0.3324633  -0.01510819     19636.54
      7222.8      1.01228    0.3283665  -0.01285756     19637.21
        7223     1.012725    0.3266789  -0.01536357     19638.11
      7223.2     1.013141    0.3243797  -0.01171912     19638.73
      7223.4     1.013493    0.3201724 -0.006367726     19639.41
      7223.6     1.013979    0.3189912 -0.002440404     19640.16
      7223.8     1.014535    0.3215847 0.0001683564     19640.89
        7224     1.015003    0.3224273  0.002949242     19641.66
      7224.2      1.01534    0.3203071  0.004369975     19642.33
      7224.4     1.015726    0.3213506  0.003883492     19642.81
      7224.6     1.016049    0.3250807  0.001195779     19643.48
      7224.8     1.016408    0.3255341 -0.003806518     19644.12
        7225     1.016736    0.3212637 -0.008495016     19644.76
      7225.2     1.016974    0.3183054  -0.01343153     19645.52
      7225.4     1.017083    0.3182847  -0.02016686     19646.49
      7225.6     1.017515    0.3147889  -0.03056777      19647.3
      7225.8     1.017964    0.3051303   -0.0413222     19647.81
        7226     1.018164    0.2938511  -0.04300419     19648.37
      7226.2     1.018394    0.2852269  -0.03728089     19649.16
      7226.4     1.018774    0.2803855  -0.02381001     19649.83
      7226.6     1.018814    0.2753055   -0.0128774     19650.26
      7226.8     1.018952    0.2748031  -0.01270411     19651.23
        7227     1.019352     0.274925  -0.02215495     19651.86
      7227.2     1.019529    0.2702223  -0.03546732     19652.39
      7227.4     1.019588    0.2575816  -0.04517101     19652.96
      7227.6     1.019756    0.2464293  -0.05004156     19653.44
      7227.8     1.019798    0.2387882  -0.04556707     19654.18
        7228     1.019797     0.230189  -0.03833947     19655.06
      7228.2     1.019778    0.2211279  -0.03117905     19655.56
      7228.4     1.019714    0.2157577  -0.02535873     19656.21
      7228.6     1.019562     0.213845  -0.02051451     19657.05
      7228.8     1.019567     0.209902  -0.02220416      19657.7
        7229     1.019664    0.2047163  -0.02724841     19658.35
      7229.2     1.019625    0.1979944  -0.02539237      19659.1
      7229.4     1.019599    0.1920462  -0.01769403      19659.8
      7229.6     1.019412    0.1895881 -0.005585861     19660.53
      7229.8     1.019218    0.1905611  0.008770336     19661.32
        7230     1.019004    0.1935257   0.02019828      19662.1
      7230.2     1.018715    0.1990625   0.02000684     19662.73
      7230.4     1.018547    0.2057468   0.01569548      19663.4
      7230.6     1.018441    0.2065666  0.005592582     19663.86
      7230.8     1.018078    0.2060821 -0.006694348     19664.46
        7231     1.017782    0.2035366  -0.01656019     19665.25
      7231.2     1.017454    0.2003913  -0.02813778     19665.67
      7231.4     1.017099    0.1933184  -0.03688117     19666.02
      7231.6     1.016663    0.1835718  -0.04561858     19666.34
      7231.8     1.016319    0.1740316  -0.04887463     19666.91
        7232     1.015765    0.1638964  -0.04695412     19667.44
      7232.2     1.015476    0.1542187  -0.04130494     19667.86
      7232.4       1.0149    0.1460085  -0.03455212     19668.31
      7232.6     1.014375    0.1409877  -0.02991275     19668.78
      7232.8     1.013939    0.1362547  -0.02344872     19669.34
        7233      1.01347    0.1302885  -0.02314775     19669.65
      7233.2     1.012957    0.1272496  -0.02363097     19670.01
      7233.4     1.012533    0.1224695  -0.01828271      19670.7
      7233.6     1.012012    0.1173499  -0.01173241      19671.3
      7233.8     1.011472    0.1156623 -0.005086259     19671.74
        7234     1.011032    0.1178636 -0.002282689     19672.36
      7234.2     1.010422    0.1184005 -0.005588973     19673.01
      7234.4      1.00967    0.1155238  -0.01214206     19673.58
      7234.6     1.009214    0.1111912    -0.011813     19674.09
      7234.8     1.008556      0.10815 -0.002033569     19674.95
        7235     1.007936    0.1089501  0.008109845     19675.43
      7235.2     1.007447    0.1138969   0.01394874     19676.02
      7235.4       1.0068     0.117679   0.01241494     19676.78
      7235.6     1.006188     0.119309  0.006547069     19677.72
      7235.8     1.005485     0.118882   0.00247746     19678.39
        7236     1.004939    0.1191346 -0.0008224254     19679.17
      7236.2     1.004203     0.119661 -0.004409333        19680
      7236.4     1.003492     0.118651  -0.01051632     19680.66
      7236.6     1.002833    0.1153546  -0.01815347      19681.4
      7236.8      1.00213    0.1107215  -0.02333315        19682
        7237     1.001343    0.1051382  -0.02278125     19682.62
      7237.2     1.000745   0.09998452  -0.01924269     19683.24
      7237.4     1.000142   0.09712957  -0.01707782     19683.62
      7237.6    0.9994735   0.09532738  -0.01515175     19684.32
      7237.8    0.9987787   0.09147598  -0.01224049     19684.66
        7238    0.9982202   0.08786312 -0.009096918     19685.16
      7238.2    0.9973154   0.08733717 -0.0006820831     19685.86
      7238.4    0.9967899   0.08804985  0.006593145      19686.5
      7238.6    0.9959102   0.09093031   0.01098848        19687
      7238.8    0.9952484   0.09313763   0.01572344     19687.63
        7239     0.994544   0.09612796    0.0135128     19688.58
      7239.2    0.9937883    0.1006286   0.01145463     19689.48
      7239.4     0.993107    0.1017406   0.01159527     19689.94
      7239.6    0.9924566    0.1023013    0.0109084     19690.68
      7239.8    0.9916642    0.1054042   0.01180133      19691.4
        7240    0.9909074    0.1093553   0.01143607     19692.04
      7240.2     0.990118    0.1111816    0.0101642      19692.7
      7240.4    0.9894572    0.1114502  0.008417308     19693.19
      7240.6    0.9888433    0.1135355  0.007545389     19693.66
      7240.8    0.9879939    0.1160892  0.006397127     19694.51
        7241    0.9870688    0.1172179  0.004302833     19694.96
      7241.2    0.9863199    0.1165679   0.00355973      19695.7
      7241.4    0.9854066    0.1169778  0.005097739     19696.39
      7241.6    0.9847729    0.1189369  0.007778637     19697.34
      7241.8    0.9840135    0.1212961  0.006776731     19698.15
        7242    0.9832017    0.1227908  0.001651894     19698.87
      7242.2    0.9826541    0.1223992 -0.005570133     19699.77
      7242.4    0.9818314    0.1202585   -0.0109006     19700.73
      7242.6    0.9811787      0.11684  -0.01042068     19701.35
      7242.8    0.9804708    0.1140703 -0.006761971     19702.07
        7243    0.9796909    0.1140626 -0.002591742     19702.62
      7243.2    0.9790386    0.1148489  0.002642216     19703.09
      7243.4    0.9783438    0.1147666  0.005610489     19703.72
      7243.6    0.9776732    0.1161841  0.007395136     19704.32
      7243.8    0.9768021     0.118551   0.01259969     19704.99
        7244    0.9761024     0.120765   0.01443151     19705.72
      7244.2    0.9754602    0.1248464   0.01550953     19706.45
      7244.4    0.9747694    0.1277293   0.01607026     19707.04
      7244.6    0.9741765    0.1309587    0.0165951      19707.7
      7244.8    0.9735898    0.1336212   0.01831297     19708.48
        7245    0.9729886    0.1381225   0.01989698     19709.03
      7245.2    0.9723091    0.1423797   0.01963522     19709.68
      7245.4    0.9717604    0.1468762   0.01831747     19710.21
      7245.6    0.9712351    0.1493294   0.01833148     19710.95
      7245.8    0.9708207    0.1527764   0.01361137     19711.78
        7246    0.9702359    0.1570449  0.007853112     19712.39
      7246.2    0.9696976    0.1577653  0.003661089     19713.11
      7246.4    0.9693553    0.1556119  -0.00306902     19713.69
      7246.6     0.968914    0.1557053 -0.006936808     19714.35
      7246.8    0.9685447    0.1545896 -0.005182887     19715.15
        7247    0.9681329    0.1522159 -0.004722802     19715.85
      7247.2    0.9677725    0.1514656  4.21341e-05     19716.63
      7247.4    0.9674741    0.1519271  0.005615042     19717.46
      7247.6    0.9673374    0.1546234  0.005412386     19718.12
      7247.8    0.9670037    0.1567079  0.004556175     19719.05
        7248     0.966924    0.1557955  0.004984662     19719.58
      7248.2    0.9667122     0.155572  0.004304019     19720.06
      7248.4    0.9664997    0.1586111  0.005669319     19720.86
      7248.6    0.9662884    0.1601511  0.006476375     19721.76
      7248.8    0.9661493    0.1603309  0.004963385     19722.52
        7249    0.9662049    0.1607531  0.006607308     19723.15
      7249.2    0.9661972    0.1625818  0.007806611     19723.85
      7249.4    0.9662177     0.165437  0.007696522     19724.68
      7249.6    0.9662273    0.1665762  0.006208159     19725.11
      7249.8    0.9663663    0.1669103  0.003004356     19725.86
        7250    0.9664489    0.1675483 -0.001553434     19726.37
        7252    0.9698186     0.153238 -0.006466332     19732.96
        7254    0.9747895    0.1403553 -0.004758983     19741.25
        7256     0.981158    0.1296402 -0.001814876     19748.64
        7258    0.9887249    0.1277857  0.000416753     19755.28
        7260    0.9973872     0.138719 0.0003674533     19762.24
        7262     1.006434    0.1436893  0.002295098     19769.29
        7264     1.014645    0.1325798  0.001598176     19776.37
        7266     1.021876    0.1461465  0.002371506     19782.12
        7268      1.02755    0.1515044  0.004654188     19788.04
        7270     1.031707    0.1626614  0.003126045     19794.64
        7272     1.034611    0.1698133  0.004944665     19801.65
        7274     1.036582    0.1711549  0.004595496     19808.13
        7276     1.037854    0.1910618  0.004381702     19813.87
        7278     1.038535    0.1994253  0.006658423     19819.98
        7280     1.038246     0.204867  0.006494652      19826.5
        7282     1.037094    0.2244223  0.005241401     19833.15
        7284     1.035121     0.243019  0.005370712      19840.1
        7286     1.032326    0.2413565  0.002318481     19846.44
        7288       1.0285    0.2478327 -0.0005872962      19853.4
        7290     1.023968    0.2429701 -0.003278927     19860.81
        7292     1.019048    0.2383206 -0.006973842     19868.04
        7294     1.014137    0.2151251 -0.009385569     19875.17
        7296     1.009564    0.1920419  -0.01188553     19881.81
        7298      1.00568    0.1678856   -0.0106768     19888.27
        7300     1.002394    0.1432364  -0.01034253     19894.43
        7302    0.9997237    0.1297107 -0.008465699     19899.97
        7304    0.9975554    0.1093017 -0.005038672     19906.44
        7306    0.9955891      0.10016 -0.003854281     19912.33
        7308    0.9944617     0.102927 -0.002016284     19917.77
        7310    0.9936906   0.09887649 -0.0007734311     19924.05
        7312    0.9933715   0.09317142 -0.002019814     19930.23
        7314    0.9937162   0.09397253 -0.001252003     19937.19
        7316     0.994848   0.08676852 -0.001937165      19944.6
        7318     0.996804   0.08886047 -0.002526481     19951.07
        7320    0.9992791    0.0776741 -0.0007093682     19957.45
        7322     1.002034   0.07376068  -0.00139046     19963.92
        7324     1.005111   0.08109357 -0.0001909136     19969.93
        7326     1.008045   0.07773679 0.0001651743     19976.28
        7328     1.010335   0.07614679 -0.001703513     19981.94
        7330     1.012263   0.07508208 -0.001737532      19987.4
        7332     1.013481   0.06746547 -0.002243078     19992.97
        7334     1.013706   0.06383653 -0.002854244     19999.16
        7336     1.013033   0.05820217 -0.001129457     20005.92
        7338     1.011942   0.05224812 0.0001867357     20012.34
        7340     1.010319   0.05842982 0.0008180483     20017.86
        7342      1.00845   0.06533042  0.004201466     20023.59
        7344     1.006365   0.06474656  0.005566239     20030.05
        7346     1.004311   0.08585985  0.006614512     20036.64
        7348     1.002342    0.1029597  0.007405503     20042.42
        7350    0.9999647    0.1182465  0.005724491     20048.22
        7352     0.997632    0.1239906  0.006108134     20054.79
        7354    0.9959313    0.1316558  0.005692049     20060.97
        7356    0.9945936    0.1518248  0.005767236     20066.72
        7358    0.9934859    0.1637829  0.005266682     20073.82
        7360    0.9928962    0.1701285  0.003150518     20080.48
        7362     0.992422    0.1737892  0.001663013     20086.28
        7364    0.9927764    0.1770289 0.0001381758     20091.59
        7366    0.9934431     0.177087 -0.002394693      20097.5
        7368    0.9942742    0.1712339 -0.004456905     20103.33
        7370    0.9954242    0.1546317 -0.004999399     20109.15
        7372    0.9967377    0.1413737 -0.007051605     20113.93
        7374    0.9977219    0.1370918 -0.008918518     20118.08
        7376    0.9984148     0.114821  -0.01008334     20123.81
        7378    0.9987291   0.08328355  -0.01220685     20130.32
        7380     0.998953   0.06070698  -0.01264886     20135.98
        7382    0.9991474   0.03943704  -0.00968143     20141.72
        7384    0.9994746   0.01363015 -0.007490989     20148.16
        7386    0.9998343  0.005832106  -0.00493732     20153.75
        7388     1.000492 0.0007790638 -0.001107414     20158.95
        7390     1.001443 -6.151919e-05 -6.348691e-05     20164.68
        7392     1.002673  0.004770832   0.00117646     20170.41
        7394     1.003916  0.005324211 0.0009247509     20177.01
        7396     1.005186   0.01019074 -3.413365e-06     20182.81
        7398     1.006184  0.007336488 4.888254e-05     20188.55
        7400     1.006895  0.004743526 0.0001501481     20194.16
        7402     1.007378  0.005715271   0.00020683      20199.6
        7404      1.00748   0.01139193  0.000450376      20205.3
        7406     1.007155  0.008991128  0.001178389     20211.47
        7408     1.006637  0.008346534 0.0002267681     20217.54
        7410     1.005825   0.01514238 0.0001349541     20223.22
        7412     1.005021   0.01320607 -0.0004063628     20229.37
        7414     1.004175   0.01007076 -0.0009624067     20235.66
        7416     1.003106  0.005095631 -0.001239436     20240.78
        7418     1.001979  0.007443128 -0.002208022     20245.71
        7420     1.000998  0.003290586 -0.001936233      20251.1
        7422    0.9999486 -0.007593416 -0.002857101     20256.29
        7424    0.9989486  -0.01039423 -0.003040967     20261.27
        7426    0.9980284  -0.01541368  -0.00219458     20267.22
        7428    0.9971705  -0.02103715 -0.001530237     20274.01
        7430    0.9964069  -0.02515006 -0.0006461785     20281.09
        7432    0.9958199  -0.02263613  0.000764712     20287.26
        7434    0.9952884  -0.02058311 0.0008997133     20292.81
        7436    0.9949377  -0.01491945  0.001318264     20298.11
        7438    0.9946707  -0.01795235  0.001450509      20303.8
        7440    0.9945486  -0.01209002  0.001169351     20309.22
        7442    0.9946134 -0.008979038  0.002770065     20314.54
        7444     0.994871 -0.005564641  0.002328595     20319.02
        7446    0.9951342  0.004208168  0.002203712     20323.78
        7448    0.9955528  0.006538741  0.002151736     20328.77
        7450    0.9962124  0.008650661 0.0005950091     20334.98
        7452    0.9969084   0.01164925 0.0005904343     20340.73
        7454    0.9975073  0.008968241 0.0001546951     20345.69
        7456    0.9977643   0.01126222 -0.000586844     20351.01
        7458    0.9979748  0.009888221 -0.0002720354     20357.09
        7460    0.9981313  0.006954498 -0.001202798      20362.8
        7462    0.9981036  0.006791957 -0.002685016     20368.38
        7464    0.9978489  0.001639834 -0.002811297     20374.05
        7466    0.9975385  -0.01159191  -0.00372118     20379.21
        7468    0.9972406  -0.01553587 -0.004814788     20384.55
        7470    0.9968951  -0.02297748 -0.003632836     20389.57
        7472     0.996645  -0.03687847 -0.003731231     20395.15
        7474    0.9965061   -0.0406546 -0.004102602     20401.43
        7476    0.9963607  -0.04538572 -0.002954158     20406.16
        7478    0.9961011   -0.0557983 -0.003056558     20411.26
        7480    0.9961145  -0.06051173  -0.00377097     20417.08
        7482    0.9960591  -0.06510706 -0.003388428     20422.25
        7484    0.9960122  -0.07555348 -0.003234408     20426.92
        7486    0.9960555  -0.08290572 -0.003627342     20430.99
        7488    0.9960985  -0.08638699 -0.003123165     20435.52
        7490    0.9960916   -0.0941258 -0.002366462     20441.16
        7492    0.9960577   -0.1005388 -0.002529316     20446.39
        7494    0.9961128   -0.1018374 -0.001994401     20451.63
        7496     0.996067   -0.1066215 -0.001430323     20457.28
        7498    0.9961335    -0.110081 -0.001409664     20462.29
        7500    0.9961734   -0.1119814 -0.0005759198     20466.95
        7502    0.9960662   -0.1131147 -0.0004099402     20472.07
        7504    0.9960763   -0.1112289 -2.491901e-05     20477.26
        7506    0.9962095   -0.1133605 6.748432e-05      20482.2
        7508    0.9962252   -0.1121807 -0.000293278     20486.71
        7510    0.9962162   -0.1125749 -0.0002832846     20490.92
        7512    0.9961822   -0.1135751 -0.0009905312     20494.94
        7514    0.9960593   -0.1156268 -0.001271983     20498.79
        7516    0.9959997    -0.120105 -0.001423366     20500.61
        7518    0.9958693   -0.1227507  -0.00126529     20490.08
        7520    0.9958649    -0.124962 -0.0003035622     20474.93
        7522    0.9961057   -0.1257491 -0.0003032531     20472.26
        7524    0.9969278   -0.1225335 -0.0002656202     20390.97
        7526    0.9969944   -0.1251767 0.0002276373     20213.79
        7528    0.9962577    -0.127087 -0.002113876     20207.01
        7530    0.9967064    -0.123928 -0.001302002     20240.54
        7532    0.9954062   -0.1394445 -0.001037607     20276.28
        7534    0.9970592   -0.1355928 -0.001744697     20532.47
        7536     0.997442   -0.1353879 -5.961899e-05     20523.69
        7538     0.997606   -0.1378856 -0.0007593258      20529.7
        7540    0.9978882   -0.1399214 -0.001411963     20549.78
        7542    0.9982893   -0.1416674 -0.001401499     20569.04
        7544    0.9984802   -0.1466836 -0.001046722     20575.45
        7546     0.998448   -0.1490976 -0.0009085972     20580.58
        7548    0.9982012   -0.1482952  -0.00072771      20585.5
        7550    0.9979118   -0.1489361 -0.000616644     20589.94
        7552    0.9977593   -0.1525052 -0.0004017824     20594.93
        7554    0.9976301   -0.1540308 -0.0003482645     20599.34
        7556    0.9973135   -0.1515095  -0.00029442     20603.95
        7558    0.9969244   -0.1517223 -7.05724e-05     20608.92
        7560    0.9967689   -0.1548606 -0.0003633283     20614.35
        7562    0.9966562   -0.1545953 -0.0004889449     20619.61
        7564     0.996385   -0.1544161 -0.0001316564     20624.12
        7566    0.9963192   -0.1556338 -0.0007831788        20628
        7568     0.996354   -0.1559138 -0.001202372     20632.41
        7570    0.9963392   -0.1608608 -0.001966796     20636.79
        7572    0.9964428   -0.1640351 -0.002721064     20641.42
        7574     0.996525   -0.1713682  -0.00303668     20646.01
        7576    0.9965598   -0.1776824 -0.003599196     20649.79
        7578     0.996576   -0.1851542 -0.003198595     20653.57
        7580    0.9966451   -0.1928287 -0.003022406     20657.41
        7582    0.9967287   -0.1969569 -0.002620989     20659.49
        7584    0.9966966   -0.2018616 -0.002164239     20662.07
        7586    0.9966327   -0.2061221 -0.001820583     20665.14
        7588    0.9966031   -0.2101426 -0.001739532     20668.42
        7590    0.9967501   -0.2115216 -0.001634418     20672.23
        7592    0.9968238   -0.2157779 -0.001329091     20675.34
        7594    0.9968709   -0.2191975 -0.001438767     20677.75
        7596    0.9970088   -0.2207753 -0.001093188     20680.43
        7598    0.9970169   -0.2230317 -0.000793123      20683.2
        7600    0.9969978   -0.2245234 -0.0008271714     20687.96
        7602    0.9972265   -0.2255424  -0.00102048     20692.96
        7604    0.9974058   -0.2273927 -0.001115165     20697.43
        7606    0.9974948   -0.2311956 -0.001450948     20701.86
        7608    0.9977147   -0.2334447 -0.001987274     20705.95
        7610    0.9979405     -0.23715 -0.001883274     20709.73
        7612    0.9978397   -0.2432909  -0.00183286     20713.67
        7614    0.9978738   -0.2462618 -0.001864675     20718.24
        7616    0.9978857   -0.2481076 -0.001414073     20722.98
        7618    0.9979575   -0.2520674 -0.001095457     20727.65
        7620    0.9979833   -0.2546034 -0.0008039469      20732.5
        7622    0.9980352   -0.2550254 -0.0006868079     20737.73
        7624    0.9979672   -0.2545391 -0.000924564     20741.15
        7626    0.9978795   -0.2575619 -0.000879466     20745.23
        7628    0.9978132   -0.2619999 -0.001461867     20749.42
        7630    0.9978187   -0.2620612 -0.001919601     20753.64
        7632    0.9978224   -0.2662341 -0.001571194     20758.34
        7634    0.9977393   -0.2729187  -0.00156946     20762.09
        7636    0.9975851   -0.2745695 -0.001631639     20766.62
        7638    0.9975841   -0.2746168 -0.001639007     20771.59
        7640    0.9975858   -0.2792872 -0.001898434     20776.02
        7642    0.9976104   -0.2860307 -0.002281647      20779.5
        7644     0.997612    -0.289757 -0.002277982     20783.97
        7646    0.9976228     -0.29287 -0.001940323     20788.26
        7648    0.9975568    -0.297511  -0.00134612     20791.68
        7650    0.9975322   -0.3015533 -0.001452034     20796.05
        7652    0.9975113   -0.3005259  -0.00134018     20800.32
        7654    0.9974262   -0.3044863 -0.001105224     20804.09
        7656    0.9975098   -0.3082325 -0.001359307     20808.14
        7658    0.9975722   -0.3103951 -0.0009710939     20812.19
        7660     0.997448   -0.3114004 -0.0008384571     20816.33
        7662    0.9974129    -0.312255 -0.0008804465     20820.88
        7664    0.9974472   -0.3149401 -0.0004429445     20824.84
        7666     0.997567   -0.3174387 -0.0002519241     20829.34
        7668    0.9976015    -0.314944 -5.726117e-05     20833.15
        7670    0.9975879   -0.3142704 -9.352085e-05     20836.56
        7672    0.9976749   -0.3153982 -0.000855837     20840.31
        7674    0.9978205   -0.3181869 -0.001159278      20844.4
        7676    0.9979111   -0.3217906 -0.001145158     20848.98
        7678    0.9980105   -0.3235447 -0.001070083     20853.66
        7680    0.9982404   -0.3245595 -0.0005701694     20859.04
        7682     0.998371   -0.3267475 -0.0006048901     20863.86
        7684    0.9985382    -0.326352 -0.001019886     20868.69
        7686    0.9986356   -0.3283838 -0.001189191      20872.9
        7688     0.998685   -0.3327186 -0.001647871     20876.04
        7690    0.9988525   -0.3362611 -0.001863063      20878.9
        7692    0.9989433    -0.339535 -0.001822733     20882.47
        7694    0.9991802   -0.3432883 -0.001782381     20886.79
        7696    0.9993838   -0.3473004 -0.001719406      20891.5
        7698    0.9994554   -0.3505201 -0.001678638     20895.01
        7700    0.9995322   -0.3532902 -0.001431179     20898.36
        7702    0.9997552   -0.3567174 -0.001419851     20902.29
        7704    0.9998991   -0.3587499  -0.00131848     20906.32
        7706    0.9998674   -0.3618789 -0.0009592196     20909.91
        7708    0.9998338   -0.3638381  -0.00100868     20913.72
        7710    0.9998915   -0.3643911 -0.001001764     20917.75
        7712    0.9999562   -0.3668193  -0.00105127     20922.05
        7714     1.000022    -0.369893 -0.001195827     20925.99
        7716     1.000073   -0.3722482 -0.001047615     20930.16
        7718     1.000071   -0.3739578 -0.0008595962     20934.05
        7720     1.000079   -0.3752002 -0.0006073079     20937.32
        7722    0.9999717   -0.3767698 -0.0005581631     20940.77
        7724    0.9999585   -0.3771067 -0.0007217641     20943.45
        7726    0.9999684   -0.3784231 -0.0008428206      20946.7
        7728    0.9999876   -0.3809743 -0.0008905083     20950.34
        7730     1.000104   -0.3835124 -0.0009791407     20953.85
        7732     1.000178   -0.3842308 -0.001180615     20957.26
        7734     1.000223   -0.3862562  -0.00115753     20960.65
        7736     1.000253   -0.3904193  -0.00134431     20963.74
        7738     1.000263   -0.3927726  -0.00129313     20966.67
        7740     1.000232   -0.3949852 -0.001176749     20969.68
        7742     1.000164   -0.3966012 -0.001403233     20973.39
        7744     1.000125   -0.3998333 -0.001597334      20977.1
        7746     1.000241   -0.4039985 -0.001477493     20981.39
        7748     1.000355   -0.4077639 -0.001330378     20985.02
        7750     1.000309   -0.4084212 -0.001259705     20988.35
        7752     1.000387   -0.4104763 -0.0008497049     20991.93
        7754     1.000349   -0.4140761 -0.0007415231      20995.1
        7756     1.000343   -0.4145615 -0.001021822     20998.13
        7758     1.000394   -0.4143534 -0.001231094      21001.3
        7760     1.000448   -0.4186509 -0.001718629     21004.68
        7762     1.000467   -0.4239249 -0.002141931     21007.56
        7764     1.000447   -0.4283106 -0.001872395     21010.61
        7766      1.00042   -0.4314888  -0.00181484     21012.83
        7768     1.000441     -0.43363 -0.001708057     21014.52
        7770     1.000482   -0.4384436 -0.001452433     21016.14
        7772     1.000562    -0.441975 -0.001597444      21017.6
        7774     1.000615   -0.4431083  -0.00152721     21018.61
        7776     1.000694   -0.4464096 -0.001524601      21017.4
        7778     1.000867   -0.4506613 -0.001707874     21013.55
        7780     1.001102   -0.4541718 -0.0004199771     21004.17
        7782     1.001543   -0.4567713 0.0005326489     20975.58
        7784     1.003017   -0.4497694 -0.002676501     20734.81
        7786     1.002939   -0.4464001 -0.004244049     20224.01
        7788    0.9994545   -0.4755838 -0.002432198     19851.43
        7790    0.9992877   -0.4907236 -0.002984443     20172.85
        7792     1.000622    -0.469227 0.0004381891     21021.96
        7794     1.001033   -0.4702756  0.002096906      21065.3
        7796     1.001125   -0.4720783 -0.0009602644     21074.51
        7798     1.001265   -0.4739484 -0.001250362     21080.52
        7800     1.001416   -0.4769091 -0.001240665     21084.75
        7802     1.001553   -0.4802785 -0.001104873     21087.79
        7804     1.001558   -0.4820037 -0.001031418     21091.24
        7806     1.001472   -0.4827874 -0.001006585     21094.38
        7808     1.001455   -0.4851604 -0.0009726895     21097.67
        7810     1.001456   -0.4883312 -0.001125545     21101.03
        7812     1.001537   -0.4897852 -0.001281499     21103.74
        7814     1.001612   -0.4917917 -0.001278055     21106.81
        7816     1.001607   -0.4954124  -0.00149401      21109.2
        7818     1.001582   -0.4985556 -0.001529977     21110.83
        7820     1.001658   -0.5017372 -0.001360808     21113.48
        7822     1.001754   -0.5040316 -0.001315938     21117.05
        7824     1.001714   -0.5062989 -0.001372575     21120.42
        7826      1.00168   -0.5090831 -0.001408772     21123.53
        7828     1.001824   -0.5127178 -0.001350977     21126.14
        7830     1.001923   -0.5153017 -0.001246088      21128.6
        7832     1.001938   -0.5171067  -0.00133782     21131.67
        7834     1.001912   -0.5190518 -0.001291299     21135.74
        7836     1.001882   -0.5234204 -0.001199999     21139.11
        7838     1.001801   -0.5256321 -0.001245519     21142.18
        7840     1.001736   -0.5267067 -0.001064283     21145.36
        7842     1.001851    -0.529016 -0.001029109     21148.24
        7844     1.001973   -0.5319347  -0.00129021     21151.18
        7846     1.001957    -0.533865 -0.001314856     21153.98
        7848     1.001915   -0.5370284 -0.001424849     21156.52
        7850     1.001995   -0.5395348 -0.001529624     21158.48
        7852     1.002092   -0.5433335 -0.001313255     21160.61
        7854      1.00206    -0.546102 -0.001353465     21162.94
        7856     1.001952   -0.5475344 -0.001314954     21165.71
        7858     1.001897   -0.5503626 -0.001369417     21167.54
        7860     1.001871   -0.5538531 -0.001641078     21169.81
        7862      1.00194   -0.5570573 -0.001565212     21173.18
        7864     1.001977    -0.560663 -0.001365862     21175.74
        7866     1.001956   -0.5628843 -0.001187754     21178.42
        7868     1.002008     -0.56478 -0.001055606     21181.65
        7870     1.002033   -0.5665594 -0.001206189     21184.15
        7872     1.002126   -0.5691079  -0.00128668     21186.95
        7874     1.002152   -0.5725338 -0.001247394     21190.57
        7876     1.002272   -0.5750734 -0.001376081     21195.01
        7878     1.002272   -0.5765385 -0.001476776     21198.01
        7880     1.002155   -0.5801165 -0.001520605      21200.8
        7882      1.00224    -0.584348 -0.001636017     21204.33
        7884     1.002316   -0.5872383  -0.00158542     21207.55
        7886     1.002388   -0.5896266 -0.001417999     21210.51
        7888     1.002428   -0.5927999 -0.001545817     21213.04
        7890     1.002411    -0.595692 -0.001797231     21215.81
        7892     1.002493   -0.5996048 -0.001712816     21218.63
        7894      1.00256   -0.6040045 -0.001677677     21221.06
        7896     1.002566   -0.6065024 -0.001601554     21224.01
        7898      1.00259   -0.6091134 -0.001366061     21227.42
        7900     1.002714   -0.6124172 -0.001378388     21230.11
        7902     1.002819    -0.614933 -0.001321923     21232.67
        7904     1.002781   -0.6175295 -0.001129338     21236.18
        7906     1.002829   -0.6196888 -0.0009963812     21240.15
        7908     1.002855   -0.6214519 -0.001087802     21244.19
        7910     1.002846    -0.622904 -0.000954915      21247.6
        7912     1.002893   -0.6262319 -0.0005839634     21249.59
        7914     1.003182   -0.6273281 -0.001272046     21190.01
        7916     1.004069   -0.6261237 -0.001797238     20930.44
        7918     1.004092   -0.6330804 -0.001649693      20725.3
        7920     1.002594   -0.6406098 -0.001903376     20942.66
        7922     1.002898   -0.6405256 -0.001413636     21161.96
        7924     1.003235   -0.6413507 -0.0007943296     21223.16
        7926     1.003224   -0.6443895 -0.001132682     21236.55
        7928     1.003172   -0.6469645 -0.001330416     21244.39
        7930     1.003302   -0.6495871 -0.001312242     21250.46
        7932     1.003415    -0.651994 -0.001247075     21254.65
        7934     1.003419   -0.6548874 -0.001200839     21259.06
        7936     1.003406   -0.6569411 -0.001250162     21263.56
        7938     1.003428   -0.6591938 -0.001124877     21266.95
        7940     1.003399   -0.6619953 -0.001056663     21270.11
        7942     1.003336   -0.6638864 -0.001087665     21272.89
        7944     1.003398   -0.6653944 -0.001004785     21275.58
        7946     1.003476   -0.6678951 -0.001114487     21278.65
        7948     1.003478   -0.6700336 -0.001176729     21280.97
        7950     1.003422   -0.6728023 -0.001139745     21283.55
        7952     1.003453   -0.6748082 -0.001246118     21285.98
        7954     1.003404   -0.6770131 -0.001242716     21288.42
        7956     1.003387   -0.6800025 -0.001209016      21291.4
        7958     1.003419    -0.682744 -0.001324984     21294.28
        7960      1.00342   -0.6844804 -0.001317251     21296.63
        7962      1.00343    -0.687613 -0.001265007     21298.74
        7964     1.003338   -0.6905405 -0.001357986     21300.82
        7966     1.003331   -0.6928641 -0.001205402     21302.97
        7968     1.003362   -0.6953442 -0.001184868     21305.03
        7970     1.003325   -0.6972562 -0.001324815     21307.39
        7972     1.003311   -0.7000195 -0.001278479     21310.37
        7974     1.003352   -0.7034626 -0.001279248     21313.04
        7976     1.003309   -0.7055721 -0.001144789     21314.82
        7978     1.003296   -0.7074902 -0.001155497     21316.93
        7980     1.003301   -0.7091778 -0.001286347     21319.07
        7982       1.0033   -0.7127066 -0.001226787     21321.33
        7984     1.003323   -0.7158629 -0.001349899     21324.06
        7986     1.003371   -0.7173044 -0.001271961     21326.26
        7988     1.003312    -0.719977 -0.001286838     21328.57
        7990     1.003318   -0.7228823 -0.001395102     21330.68
        7992     1.003328   -0.7261576 -0.001332574     21332.74
        7994     1.003342   -0.7284653 -0.001310305     21334.56
        7996     1.003337   -0.7306376 -0.001259674     21336.29
        7998     1.003264   -0.7333647 -0.001350132     21338.06
        8000     1.003278   -0.7362349 -0.001353006     21340.14
        8002      1.00322   -0.7392663   -0.0012728     21342.72
        8004     1.003244   -0.7414616 -0.001203075     21345.72
        8006     1.003369   -0.7435471  -0.00112182     21348.63
        8008     1.003273   -0.7458595 -0.001151955     21351.14
        8010     1.003143   -0.7482409   -0.0012819     21353.45
        8012     1.003146   -0.7506772 -0.001329235     21355.61
        8014     1.003116   -0.7538023 -0.001290689     21358.04
        8016     1.003143   -0.7564934 -0.001185039     21360.14
        8018      1.00313   -0.7585664   -0.0010989      21362.1
        8020     1.003154   -0.7601575 -0.001217624     21363.52
        8022     1.003054   -0.7625935 -0.001282184     21365.18
        8024     1.002978   -0.7662344 -0.001397106     21366.86
        8026     1.003004   -0.7688239 -0.001381528     21368.58
        8028     1.002962   -0.7713344 -0.001285367     21370.58
        8030     1.002915   -0.7736457 -0.001337178     21372.69
        8032     1.002857   -0.7765174 -0.001349869     21374.46
        8034     1.002854   -0.7795213 -0.001443049     21376.28
        8036     1.002875   -0.7821333 -0.001340696     21378.14
        8038     1.002817   -0.7851901 -0.001166993     21380.16
        8040     1.002782   -0.7872429 -0.001148768     21382.37
        8042      1.00278   -0.7888572 -0.001115073     21384.21
        8044     1.002753   -0.7913235 -0.001192939     21386.17
        8046     1.002755   -0.7941107 -0.001316924     21388.31
        8048     1.002788   -0.7967864 -0.001307415     21390.75
        8050     1.002712   -0.7993926 -0.001341987     21393.28
        8052     1.002675   -0.8017828 -0.001417696     21395.29
        8054     1.002647   -0.8048466 -0.001390326     21397.28
        8056     1.002572    -0.808128 -0.001368051     21399.84
        8058     1.002588   -0.8105152 -0.001300357     21401.96
        8060     1.002546   -0.8127272 -0.001292637     21403.43
        8062     1.002417   -0.8152495 -0.001344714      21405.2
        8064     1.002339   -0.8184691 -0.001311859     21406.69
        8066     1.002344    -0.821273 -0.001296548     21407.94
        8068      1.00231   -0.8232221 -0.001315376     21409.52
        8070     1.002204   -0.8256219 -0.001322163     21410.99
        8072     1.002088   -0.8289921  -0.00129521     21412.42
        8074     1.002105   -0.8318503 -0.001210554     21414.71
        8076     1.002079   -0.8335838 -0.001248194     21416.15
        8078     1.002038   -0.8353063 -0.001219859        21418
        8080     1.001961   -0.8389777 -0.001216403     21419.54
        8082     1.001818   -0.8416091 -0.001260503     21421.96
        8084     1.001787    -0.843315 -0.001176536     21423.91
        8086     1.001702   -0.8453903 -0.001183146     21424.84
        8088     1.001624     -0.84839 -0.001252398     21426.52
        8090     1.001625   -0.8510743 -0.001247575     21429.12
        8092     1.001609   -0.8533342 -0.001107636     21431.28
        8094     1.001579   -0.8553709 -0.001088841     21433.26
        8096     1.001462    -0.857251 -0.001048345     21434.83
        8098     1.001368    -0.859785 -0.001020793     21436.82
        8100     1.001303   -0.8617209 -0.001145201     21437.84
        8102     1.001206   -0.8635373 -0.001246615     21438.71
        8104      1.00112   -0.8664127 -0.001293987     21440.13
        8106     1.001071    -0.869758 -0.001264924     21441.74
        8108     1.000972   -0.8720728 -0.001202444     21443.28
        8110     1.000956   -0.8736566 -0.001149689     21444.94
        8112     1.000938   -0.8760322 -0.001166846     21446.12
        8114     1.000767   -0.8789555 -0.001268784     21447.58
        8116     1.000678   -0.8814076 -0.001270618     21449.36
        8118     1.000603   -0.8838069 -0.001165838     21450.87
        8120     1.000512   -0.8861971 -0.001190237     21452.37
        8122     1.000485   -0.8882822  -0.00123456     21453.09
        8124     1.000429   -0.8909295 -0.001232318     21454.86
        8126     1.000282   -0.8936834 -0.001212533     21456.57
        8128     1.000173   -0.8960557 -0.001165972     21457.23
        8130     1.000148   -0.8979824 -0.001118143      21457.9
        8132     1.000085   -0.9002573 -0.001158688     21457.94
        8134    0.9999435   -0.9026285 -0.001187453     21458.31
        8136     0.999828   -0.9053252 -0.001229783     21459.89
        8138    0.9997569   -0.9074821 -0.001204646     21461.66
        8140    0.9996352   -0.9100955 -0.001131503     21463.32
        8142    0.9995807   -0.9122657 -0.001174419     21464.43
        8144    0.9995308   -0.9143772 -0.001179894     21464.92
        8146    0.9994292   -0.9168774 -0.001204122      21465.7
        8148    0.9992871   -0.9195347 -0.001265441     21466.15
        8150    0.9991657   -0.9218987 -0.001277921     21467.64
        8152    0.9990758   -0.9245007 -0.001195055     21469.07
        8154    0.9989804   -0.9271008 -0.001139262     21470.03
        8156     0.998854   -0.9290951 -0.001152251     21471.12
        8158    0.9987083   -0.9310128 -0.001125025     21471.93
        8160    0.9985717   -0.9337188 -0.001111166     21472.46
        8162    0.9984658    -0.936101    -0.001182      21473.5
        8164    0.9983529   -0.9379844 -0.001160815     21474.46
        8166    0.9982921   -0.9404688 -0.001165774     21475.79
        8168    0.9981528   -0.9430053 -0.001247456     21477.22
        8170    0.9980461   -0.9454272  -0.00126058      21478.6
        8172    0.9979608   -0.9479641 -0.001250947     21479.68
        8174    0.9979136   -0.9505534 -0.001277443     21481.14
        8176    0.9978581   -0.9530128 -0.001266943     21482.83
        8178    0.9977643   -0.9556467 -0.001274041      21483.3
        8180    0.9976713   -0.9580996 -0.001201789     21483.71
        8182    0.9974911   -0.9607457 -0.001131686     21484.55
        8184    0.9973509   -0.9626272 -0.001223238     21485.97
        8186    0.9972608   -0.9647002 -0.001194834        21488
        8188    0.9971109   -0.9678855 -0.001194668     21488.93
        8190    0.9969396   -0.9703044 -0.001212561     21489.56
        8192    0.9968529   -0.9721845 -0.001133805      21491.2
        8194    0.9967579   -0.9744007 -0.001178998     21492.41
        8196    0.9966851    -0.976956 -0.001212022     21493.75
        8198    0.9965468   -0.9797364  -0.00116635      21495.3
        8200    0.9963292   -0.9818807 -0.001165636     21496.34
        8202     0.996238   -0.9837315 -0.001159453     21498.03
        8204    0.9961393   -0.9862811 -0.001227245     21499.17
        8206     0.995954    -0.989012 -0.001256822     21500.24
        8208    0.9958615   -0.9916986 -0.001206956     21501.33
        8210    0.9958025   -0.9937861 -0.001194533     21502.09
        8212    0.9956447   -0.9959367 -0.001199132     21502.57
        8214    0.9954861   -0.9985683 -0.001213902     21503.47
        8216    0.9953844    -1.001292 -0.001245032     21504.12
        8218    0.9952491    -1.003497 -0.001231108     21505.14
        8220    0.9951701    -1.005897 -0.001234786     21506.23
        8222    0.9950079    -1.008417 -0.001211779     21507.45
        8224    0.9948478     -1.01117 -0.001199895     21509.24
        8226    0.9947296    -1.013192 -0.001198441     21509.57
        8228    0.9945813    -1.015496 -0.001161108     21509.21
        8230     0.994445    -1.018005 -0.001200945     21510.46
        8232    0.9942865    -1.020459 -0.001173664     21511.42
        8234    0.9940983    -1.022799 -0.001131118     21512.43
        8236    0.9940083    -1.024885 -0.001135403     21513.09
        8238    0.9939259    -1.027054 -0.001119398     21513.74
        8240    0.9937848    -1.029542 -0.001092416     21514.22
        8242    0.9936129    -1.031754 -0.001123957      21514.5
        8244    0.9934311    -1.033625 -0.001112838     21515.21
        8246    0.9933166    -1.036045 -0.001111123     21515.97
        8248    0.9931635    -1.038445 -0.001140066     21516.11
        8250    0.9929847    -1.040643 -0.001108451     21516.41
