# This file has been produced by extranormal (v 1.0.1 - February 23, 2017)
# O. Roudenko - Synchrotron SOLEIL. Covered by GPL licence.
#Data from HDF File: /nfs/ruche/rock-soleil/com-rock/2021/Projets/20210209_Hilde/References/Fe3O4_pellet/Fe3O4_pellet_00387.nxs to Fe3O4_pellet_00442.nxs
#Time at start=2021-02-09 16:57:21.967
#Time from start (seconds)=142.499506475
#Sample temperature (C)=24.2
# Normalization -------------
# pivot spectrum: Pivot_Fe_10Ni-10Fe_50BN_RT_air_av2000_00001.txt
# E0=7112.0   Eshift=1.26763043942
# E0_pivot = 7112.0
# pre-edge params: from E0_pivot-140.0 to E0_pivot-20.0
# pre-edge range: [6972.0, 7092.0]
# post-edge params: from E0_pivot+100.0 to E0_pivot+1140.0
# post-edge range: [7212.0, 8250.0]
# I jump at E0_pivot = 0.364827186358
# shifted energy	normalized	reference	ref.derivative	I0
        6970  0.004974308     1.658622 -0.002480766     18810.73
        6972  0.004974308     1.658622 -0.002480766     18810.73
        6974  0.004692606     1.655347 -0.001270434     18818.65
        6976   0.00422908     1.653276 -0.001311163     18826.35
        6978  0.003402519     1.647089 -0.001780211     18834.81
        6980  0.002696562     1.648133  -0.00295536     18844.36
        6982  0.003113898     1.641105  -0.00183926     18852.12
        6984    0.0024219     1.629633 -0.002238799      18858.4
        6986  0.001869919     1.632375  -0.00130548     18865.23
        6988  0.002238574     1.630223 0.0003426505     18872.68
        6990  0.001772847     1.630661 0.0002779074      18880.1
        6992  0.001249667     1.632375 -0.0007992811      18887.4
        6994 0.0007477366     1.634598 -0.0009115527     18895.01
        6996  8.04734e-05     1.623828 -0.001464668     18904.22
        6998 0.0003510538     1.623369 -0.002131312     18912.41
        7000 -3.62408e-07     1.620657 -0.0007884288     18919.95
        7002 -0.0003078294     1.617547 -0.001012184     18928.53
        7004 -0.0006398948     1.617521 -0.001766366     18937.25
        7006 -0.0006836597     1.615271 -0.001073128      18945.8
        7008 -0.0009484368     1.606526 -0.0009428437      18953.5
        7010 -0.0009491978     1.608962 -0.001087441     18960.59
        7012 -0.001156495     1.609978 -0.0003075799     18969.13
        7014 -0.001581862     1.606572 -0.001012708     18977.34
        7016 -0.002152376     1.604066 -0.001657231     18985.54
        7018 -0.002445733     1.600861 -0.002091381      18992.9
        7020 -0.002429014      1.59672 -0.001390085     19000.32
        7022 -0.002676883     1.589841 -0.002019557      19007.9
        7024 -0.002739522     1.592945 -0.002363278     19015.98
        7026 -0.003197917     1.584704 -0.001016433     19024.37
        7028 -0.003210235     1.577814 -0.001390245     19033.14
        7030  -0.00253913     1.581709 -0.0007050402     19040.92
        7032 -0.002627966     1.581823  9.41087e-05     19048.83
        7034 -0.002592008     1.579064 -0.001355641     19055.71
        7036 -0.002756348     1.578567 -0.001653872     19062.84
        7038 -0.002563792     1.570864 -0.001806252     19071.15
        7040 -0.002514935     1.568592 -0.002220478     19079.28
        7042 -0.002628672     1.564614 -0.001773977     19088.36
        7044 -0.002735201     1.560803 -0.001401899      19097.4
        7046 -0.002510006     1.556672 -0.001004297     19105.87
        7048  -0.00221867     1.557377 -0.001056125     19113.68
        7050 -0.001991488      1.55658 -0.001094013     19121.51
        7052 -0.001761486     1.552354 -0.001729139     19129.59
        7054 -0.0009948929      1.54792 -0.001337212     19137.43
        7056 -0.001179521     1.543544 -0.001824345     19145.61
        7058 -0.001834458     1.545882 -0.001356767     19153.74
        7060 -0.001703057     1.537759 0.0002328118     19161.08
        7062 -0.001041306     1.537066 -0.001454847     19168.57
        7064 -0.0006829801     1.545406 -0.0009008808     19175.94
        7066 -0.0009263706     1.534243  -0.00128165     19183.53
        7068 -0.0006167721     1.530552 -0.002684384     19190.91
        7070 0.0001616464     1.526813 -0.0003573048     19198.96
        7072 0.0004383406     1.523931 -0.0009340778     19207.29
        7074  0.000932862     1.531385 -0.001230807     19215.31
        7076   0.00117865      1.52308 -0.0008684748     19224.28
        7078  0.001962949     1.516967 -0.002295711      19232.3
        7080  0.002603338     1.516983 -0.001097521     19240.98
        7082  0.003091984     1.513019 -0.0006959396     19249.08
        7084  0.003952308       1.5143 -0.001289975     19256.95
        7086  0.004559545     1.511399 -0.0004365348      19264.5
        7088  0.005031113     1.506664 -0.0009288732     19271.27
        7090  0.005436834     1.509527 -0.0009137681     19279.44
        7092   0.00635148     1.506869 -0.0003922209     19288.11
        7094  0.008036508     1.504089 -0.001405819     19296.27
        7096  0.008904383     1.503526 -0.0007375696     19303.34
        7098  0.009675106      1.49828 -0.001228873     19310.45
        7100   0.01057686     1.500968 -0.001122308     19319.05
      7100.2   0.01068175     1.500116 -0.000865559     19319.92
      7100.4   0.01078664     1.499263 -0.0006088103     19320.78
      7100.6   0.01089153     1.498411 -0.0003520616     19321.64
      7100.8   0.01099642     1.497558 -9.531295e-05      19322.5
        7101   0.01110132     1.496706 0.0001614357     19323.36
      7101.2   0.01120621     1.495853 0.0004181844     19324.23
      7101.4   0.01167891      1.49566 -0.001432316     19325.11
      7101.6     0.012186      1.49666   0.00236682     19325.68
      7101.8   0.01269411     1.497574  0.007762579     19326.39
        7102   0.01310543     1.498867   0.00988783     19327.13
      7102.2   0.01339735      1.50187  0.006267829     19328.06
      7102.4   0.01353761      1.50457  0.002682182     19328.69
      7102.6   0.01332995     1.502588 -0.0006133837     19329.23
      7102.8   0.01343345     1.501012 -0.004848709     19329.83
        7103   0.01362003     1.501379 -0.002111992      19330.4
      7103.2   0.01403908     1.500691 -0.0004898287      19330.8
      7103.4   0.01422358     1.500898 0.0006002609     19331.58
      7103.6   0.01429947     1.500621  0.003428842     19332.68
      7103.8   0.01420303     1.501859  0.002834325     19333.64
        7104   0.01439662     1.503434 -5.860655e-06     19334.75
      7104.2   0.01459222     1.503166 -0.001097963     19335.74
      7104.4   0.01509716     1.500616 -0.002700025     19336.49
      7104.6   0.01534378     1.500981  -0.00103587     19337.22
      7104.8   0.01534432     1.501274  0.003742612     19338.26
        7105   0.01567153     1.502337  0.002812746     19339.26
      7105.2   0.01583196      1.50361  0.001797322     19340.03
      7105.4   0.01607033     1.503231  0.002894293     19340.78
      7105.6    0.0165981     1.502712  0.004423096     19341.49
      7105.8   0.01735181     1.504652  0.006296116     19342.17
        7106   0.01775462     1.507149   0.00511628     19342.85
      7106.2    0.0179488     1.508268  0.002522704      19343.8
      7106.4   0.01822567     1.506805   0.00117888     19344.79
      7106.6   0.01843438     1.506671 -0.001483965     19345.65
      7106.8   0.01880445     1.508092 0.0006954544     19346.25
        7107   0.01929321     1.507081  0.003581868     19346.95
      7107.2    0.0192769     1.507361  0.002832346     19347.89
      7107.4    0.0193357     1.509536  0.004196102      19348.8
      7107.6   0.01965056     1.510357  0.004064795      19349.7
      7107.8   0.01989521     1.510438  0.004531923     19350.57
        7108    0.0205364     1.510613  0.007588316     19351.33
      7108.2   0.02135857     1.513162   0.01005859     19351.81
      7108.4   0.02182624     1.516428   0.01008512     19352.19
      7108.6   0.02212247     1.518485  0.009356716     19352.73
      7108.8   0.02253476     1.518681   0.01077686     19353.29
        7109   0.02308553     1.520647  0.009521428     19353.81
      7109.2   0.02361257      1.52505   0.01563083     19354.05
      7109.4   0.02416478     1.526102   0.02066939     19354.02
      7109.6   0.02508728     1.531186   0.01741342     19354.05
      7109.8   0.02613209     1.537182   0.02170849     19354.16
        7110   0.02703532      1.53898   0.02283018     19354.16
      7110.2   0.02804684     1.543468   0.02451201     19353.92
      7110.4   0.02917017      1.54945   0.03972163     19353.46
      7110.6   0.03055367     1.556792   0.05638978     19352.86
      7110.8   0.03199731     1.570758   0.07287513     19352.06
        7111    0.0334764      1.58858   0.09280841     19351.09
      7111.2   0.03546108      1.60775    0.1100729     19349.91
      7111.4   0.03797885     1.631039    0.1298373      19348.8
      7111.6   0.04109307     1.658816    0.1467754     19347.23
      7111.8   0.04463128      1.69245    0.1551841     19345.76
        7112   0.04875577      1.72517    0.1605242     19344.23
      7112.2   0.05347657     1.755186    0.1572498     19342.44
      7112.4     0.059253     1.787235    0.1474251     19341.22
      7112.6   0.06595804      1.81825    0.1379258     19339.96
      7112.8   0.07354129     1.843111    0.1239611     19338.86
        7113   0.08211554     1.865527     0.103429     19337.56
      7113.2   0.09198562     1.886404   0.09034275      19336.3
      7113.4    0.1018354     1.900993   0.08705226     19335.42
      7113.6    0.1117985     1.915385   0.08419294      19334.9
      7113.8    0.1207434     1.935168   0.08209498     19334.55
        7114    0.1279349     1.953759   0.07583348     19334.23
      7114.2    0.1323489     1.966669   0.06585043     19334.19
      7114.4    0.1340627     1.976052    0.0621696     19334.22
      7114.6     0.133143     1.987849   0.06014168     19334.58
      7114.8    0.1304554     2.003494   0.05490896     19334.65
        7115    0.1270537     2.014783   0.04457833     19335.03
      7115.2    0.1232388     2.019979   0.03215503     19335.79
      7115.4    0.1193724     2.023512   0.02694519     19336.19
      7115.6    0.1165184     2.029218    0.0236931     19336.56
      7115.8    0.1139862     2.036339    0.0158952     19337.17
        7116    0.1120246     2.038933  0.005009721     19337.82
      7116.2    0.1109565     2.036228  0.001805724     19338.41
      7116.4     0.110687     2.033226  0.006514413     19338.82
      7116.6    0.1112024     2.037783   0.01737069     19339.15
      7116.8    0.1126037     2.044145   0.02985397      19339.4
        7117     0.114451     2.050124   0.03411443     19339.45
      7117.2    0.1169996     2.057109   0.03928118     19339.35
      7117.4    0.1205155     2.065075   0.04503747      19339.6
      7117.6    0.1245915      2.07557   0.04804493     19339.63
      7117.8    0.1292663     2.086154   0.05395393     19339.44
        7118    0.1348005     2.095545   0.06701718     19339.43
      7118.2    0.1413407     2.108238   0.08134003     19339.43
      7118.4    0.1487483     2.129183   0.09030731     19339.16
      7118.6    0.1570018     2.151226    0.1023394      19338.9
      7118.8    0.1665016     2.167791    0.1151158      19339.1
        7119    0.1774108     2.190109    0.1248429      19339.2
      7119.2    0.1898926     2.221276    0.1335149     19339.04
      7119.4    0.2037314     2.251101    0.1277383     19338.77
      7119.6    0.2187221     2.274603    0.1179565     19338.52
      7119.8    0.2353984       2.2923    0.1157503     19338.25
        7120     0.253777     2.315641    0.1151821     19338.29
      7120.2    0.2741706     2.343701     0.124502     19338.08
      7120.4    0.2958179     2.366749    0.1230757     19337.49
      7120.6     0.318107     2.391902    0.1143161        19337
      7120.8    0.3409955     2.414102    0.1135143     19336.46
        7121     0.364334     2.435154   0.09886834     19336.17
      7121.2    0.3876773      2.45756    0.1083804     19335.97
      7121.4    0.4113223     2.470996    0.1124279     19335.92
      7121.6      0.43425     2.500806    0.1058562     19335.94
      7121.8    0.4566745     2.525096    0.1185766     19335.91
        7122    0.4791495     2.542245    0.1055753     19335.85
      7122.2    0.5010434     2.565858   0.09409962     19335.68
      7122.4     0.522624     2.585266   0.09225479      19335.2
      7122.6    0.5435823     2.600376   0.09169151     19334.81
      7122.8    0.5647027     2.616049    0.0933634     19334.46
        7123    0.5860083     2.639211   0.07765054     19333.99
      7123.2    0.6072964     2.659957   0.05528843     19333.43
      7123.4    0.6295288     2.662496   0.03420989     19333.25
      7123.6    0.6534192      2.66028   0.01322123     19332.81
      7123.8    0.6778209     2.666579   0.02384609     19332.28
        7124    0.7021112     2.670534   0.04900915     19331.86
      7124.2    0.7265289     2.681573   0.05862114     19331.62
      7124.4    0.7511477     2.699487   0.06612437     19331.53
      7124.6    0.7757884     2.713476   0.05772629     19331.65
      7124.8    0.7993847     2.723434   0.05130957     19331.36
        7125    0.8219936     2.727754   0.04477884     19330.74
      7125.2    0.8439147     2.740535   0.03457493      19330.2
      7125.4    0.8652527     2.749299   0.04627676     19329.69
      7125.6    0.8855829     2.751094   0.06036458     19328.95
      7125.8    0.9044571     2.764775   0.06953623     19328.31
        7126    0.9223242     2.788826   0.07013356     19327.71
      7126.2    0.9394285     2.804928   0.04860782     19326.91
      7126.4    0.9553515       2.8072    0.0267601     19325.89
      7126.6    0.9703405     2.803662   0.01691312     19324.74
      7126.8    0.9852866     2.810234    0.0108502      19323.6
        7127    0.9999026     2.818458   0.01018289     19322.53
      7127.2     1.013984     2.815881 -0.004821356     19321.79
      7127.4      1.02875     2.811808  -0.01028219     19321.29
      7127.6     1.044514     2.806377  0.001609237     19320.81
      7127.8     1.060945     2.810232 -0.006036867     19320.24
        7128     1.078315     2.817168  -0.00668657     19319.59
      7128.2     1.096471     2.806979  0.004377482     19319.18
      7128.4     1.115264     2.801028  0.006766529     19318.84
      7128.6     1.134742     2.813734   0.01726394     19318.51
      7128.8     1.154654     2.822581   0.04747338     19318.12
        7129     1.174579      2.82079    0.0432354     19317.84
      7129.2     1.194335     2.839007   0.04513468     19317.56
      7129.4     1.213978     2.848323   0.07398321      19317.2
      7129.6     1.232722     2.858689    0.0710406     19316.63
      7129.8     1.250438     2.879976   0.06969278     19315.88
        7130     1.266982     2.895839   0.05991278     19315.04
      7130.2      1.28195     2.904077    0.0598806     19313.97
      7130.4     1.294298     2.906619   0.07264732     19313.09
      7130.6     1.304212     2.927881   0.08341441      19312.4
      7130.8     1.312216     2.953957   0.09319903     19311.64
        7131      1.31818     2.970808   0.08034954     19310.56
      7131.2     1.322067     2.981178   0.03659525     19309.37
      7131.4     1.323555      2.99216  -0.00171312     19308.03
      7131.6     1.323387     2.983233  -0.01811697     19306.77
      7131.8     1.321816     2.969438  -0.04284244     19305.86
        7132     1.318984     2.966685  -0.02864751     19304.83
      7132.2     1.315249     2.957886  0.005374073     19304.07
      7132.4     1.310808     2.960315   0.02755949     19303.29
      7132.6     1.305204     2.973737    0.0188166     19302.63
      7132.8      1.29859     2.988732 -0.007229531     19302.59
        7133     1.290874      2.97294  -0.05259913     19302.74
      7133.2     1.283133     2.954532   -0.1077593     19302.92
      7133.4     1.274729     2.931658   -0.0979938     19303.33
      7133.6     1.265325     2.902525  -0.07716699     19303.96
      7133.8     1.255883     2.894545  -0.06197095     19305.08
        7134      1.24599     2.892798  -0.03666297     19305.86
      7134.2     1.235749     2.882081  -0.03422852     19306.56
      7134.4     1.226211     2.873195  -0.05237295     19307.92
      7134.6     1.217102     2.867162  -0.06249473     19309.22
      7134.8     1.207938       2.8509  -0.05101515     19310.31
        7135     1.199289     2.832085  -0.03369719     19311.51
      7135.2     1.191231     2.832382  -0.02414148     19312.77
      7135.4     1.183303     2.840204  -0.01936568     19313.83
      7135.6     1.175829     2.831586  -0.02201481     19314.84
      7135.8     1.169113     2.816593  -0.01809126     19315.86
        7136     1.162946     2.814771 -0.002785009     19316.55
      7136.2     1.157664     2.825731 -0.0007402692     19317.27
      7136.4     1.153568     2.829358 -0.005179419     19317.79
      7136.6     1.149791     2.816001  -0.02272898     19317.29
      7136.8     1.145635     2.810627  -0.02220825     19314.75
        7137     1.142335     2.807548  -0.01134454     19308.32
      7137.2     1.139921     2.811592 -0.003864112     19295.46
      7137.4     1.137679     2.806925  0.007634819     19273.39
      7137.6     1.135421     2.807536   0.02277004     19240.15
      7137.8     1.133286     2.813656   0.02735629     19196.99
        7138       1.1305     2.829808   0.01671883     19150.18
      7138.2     1.128105      2.82881   0.00620775     19107.67
      7138.4     1.125116     2.820911   0.00645668     19078.11
      7138.6     1.121556     2.818622   0.02248175      19067.5
      7138.8     1.118441     2.834973   0.03605253     19075.16
        7139     1.115406     2.846795   0.03064797     19095.86
      7139.2      1.11221     2.849753  0.002960257      19124.6
      7139.4     1.108602      2.84314  -0.01748712     19156.71
      7139.6     1.104797     2.837341    -0.019446     19189.11
      7139.8     1.101201     2.832806   0.00213732      19220.5
        7140     1.097811     2.834196   0.01604523     19249.91
      7140.2     1.094429      2.84485    0.0189466     19274.85
      7140.4     1.090945     2.850178   0.02623047     19292.78
      7140.6     1.087322     2.847963   0.03551957     19304.23
      7140.8     1.083585      2.85518   0.02669942     19311.06
        7141     1.080113     2.873266  0.001607222     19314.83
      7141.2     1.077864     2.871537  -0.01494487     19316.35
      7141.4      1.07577     2.849249  -0.02724655      19314.2
      7141.6     1.073416     2.843224  -0.01735092     19306.99
      7141.8     1.071598     2.851469   0.02206725      19292.2
        7142     1.069903     2.857656   0.03838857     19266.08
      7142.2     1.068807     2.866903   0.01803159     19227.49
      7142.4     1.068131     2.873935  0.005225983     19179.62
      7142.6     1.067143     2.865894  0.002731038     19129.69
      7142.8     1.066277     2.861837  -0.01128044     19086.89
        7143      1.06551     2.869087  0.005208481     19060.52
      7143.2     1.065129     2.864911   0.02488823     19056.35
      7143.4     1.064946     2.870061  0.005510136     19073.71
      7143.6     1.065089     2.881748 -0.003770524     19108.57
      7143.8       1.0658     2.873495  0.007920327     19153.97
        7144     1.066569     2.861895  0.005402383     19200.09
      7144.2      1.06774     2.876397   0.01066221     19240.84
      7144.4     1.069023      2.88607   0.02773987     19274.19
      7144.6     1.070712     2.882025  0.009987776     19298.26
      7144.8     1.071993     2.884086  0.001928151      19313.1
        7145     1.072667     2.884387  -0.01086068      19322.1
      7145.2     1.072933     2.887612  -0.02339576     19328.49
      7145.4      1.07328     2.873337  -0.03066606     19333.56
      7145.6      1.07386      2.86537  -0.02522763     19337.72
      7145.8     1.074141     2.859854  0.003761027     19341.17
        7146     1.074198      2.86743   0.01337483     19344.05
      7146.2     1.073487     2.876346   0.02552922     19346.62
      7146.4     1.072586      2.87607   0.01670381     19349.04
      7146.6     1.071387     2.880278  0.004863799     19351.08
      7146.8     1.069381     2.880793  0.005163256     19352.95
        7147     1.067309     2.880237    0.0113953     19354.84
      7147.2     1.065122       2.8802   0.01961606     19356.73
      7147.4     1.062549     2.889394   0.02537428     19358.46
      7147.6     1.059079     2.896486   0.03802076      19360.2
      7147.8      1.05503     2.900536   0.03198557      19361.8
        7148     1.050648     2.910617   0.01280531     19363.48
      7148.2     1.045599     2.914982  0.002262429     19365.28
      7148.4     1.040908      2.90673 -0.004890533     19367.02
      7148.6     1.035978     2.902346 -0.005070105     19368.74
      7148.8     1.030162     2.906705   0.01812198     19370.38
        7149      1.02481     2.910926   0.02838198     19371.98
      7149.2     1.019851     2.921228   0.01248655     19373.56
      7149.4     1.014948     2.925052   0.01297348     19375.11
      7149.6     1.010135     2.916694   0.01064319     19376.51
      7149.8     1.005074     2.921305   0.01022744     19377.69
        7150     1.000097     2.929742   0.03041139     19379.01
      7150.2    0.9951519     2.933233   0.03969956      19380.3
      7150.4    0.9902799     2.941023   0.04641016     19381.34
      7150.6    0.9857543     2.953065   0.04359547     19382.45
      7150.8    0.9817833     2.966871   0.01934201     19383.64
        7151    0.9782991      2.96811   0.01202278      19384.6
      7151.2    0.9749776     2.956496  0.002043485     19385.81
      7151.4    0.9713418     2.962683 -0.005487588     19387.03
      7151.6    0.9677984     2.968505 -0.001206265     19387.93
      7151.8    0.9650307      2.96372  -0.01446043     19389.01
        7152    0.9620182     2.955531 0.0003698689     19390.05
      7152.2    0.9595992     2.951115   0.01243429     19390.97
      7152.4    0.9574159     2.968801   0.01386257     19391.73
      7152.6    0.9544784     2.973667   0.01695078     19392.57
      7152.8    0.9515691     2.966622 -0.006280163     19393.46
        7153    0.9487907     2.964675 -0.008278513     19394.42
      7153.2    0.9467772     2.963777  0.006240967     19395.41
      7153.4    0.9450167     2.967044  0.008150797     19396.36
      7153.6    0.9431469     2.971614  0.006373212     19397.07
      7153.8    0.9416517     2.971196 -0.005783889      19398.1
        7154    0.9399003     2.968876  -0.01765718     19398.83
      7154.2     0.938245     2.962417 -0.008963912     19399.38
      7154.4    0.9369384     2.957489 -0.0001779265     19400.61
      7154.6    0.9353302     2.964025 -0.002076092     19401.64
      7154.8    0.9338224     2.968733  -0.00740802     19402.55
        7155    0.9319643     2.960756  -0.01101302     19403.81
      7155.2    0.9298366     2.951562 -0.004373364     19404.76
      7155.4    0.9278361     2.955214 -0.001687636     19405.57
      7155.6    0.9259953     2.965235 -0.005505109     19406.52
      7155.8    0.9243855     2.959406 -0.008541786     19407.08
        7156     0.922551     2.947158  -0.01655465      19407.6
      7156.2    0.9208868     2.948381  -0.01045668      19408.7
      7156.4    0.9191696     2.951991  0.005638662     19409.82
      7156.6     0.917394     2.951041   0.01486179     19410.68
      7156.8    0.9157361     2.951669   0.01528511     19411.14
        7157    0.9140858      2.96027   0.03290513     19411.83
      7157.2      0.91249     2.964219   0.03834754     19412.94
      7157.4    0.9109445     2.977365   0.03354233     19413.97
      7157.6    0.9091543     2.982347   0.03245685     19414.97
      7157.8    0.9073785     2.987104  0.006129219     19416.07
        7158    0.9059915     2.990184  -0.01095942     19416.79
      7158.2    0.9046171     2.982268  -0.03119175     19417.27
      7158.4    0.9034913     2.973579  -0.05704856     19418.15
      7158.6    0.9023157     2.962151  -0.06916358     19418.69
      7158.8    0.9012492     2.944546  -0.05758444     19419.17
        7159    0.9001452     2.926938  -0.01868681     19419.87
      7159.2    0.8990223     2.927512  0.006782794     19420.56
      7159.4    0.8984853     2.947201   0.03060692     19421.25
      7159.6    0.8977967     2.949972   0.02885639     19421.87
      7159.8    0.8970146     2.951423   -0.0102888     19422.69
        7160    0.8963885     2.950597  -0.01404927     19423.31
      7160.2    0.8962341      2.93897  0.001551836      19423.9
      7160.4    0.8963045     2.938732   0.01552688     19424.81
      7160.6     0.896448     2.952665    0.0389788     19425.57
      7160.8    0.8969492     2.963019   0.03267939     19426.62
        7161    0.8969479     2.970153  0.008040355     19427.63
      7161.2    0.8967939     2.964876  0.001079682     19428.11
      7161.4     0.896988     2.959097 -0.008104302     19428.74
      7161.6    0.8970529     2.963882   -0.0045418     19429.35
      7161.8    0.8975445      2.96367   -0.0029627     19429.72
        7162    0.8984864     2.961243 -0.007419497     19430.07
      7162.2    0.8993988     2.956727 -0.007990742     19430.34
      7162.4    0.9001599     2.957947  -0.02170177     19430.76
      7162.6    0.9008035     2.957277  -0.02230181     19431.37
      7162.8    0.9014123     2.943881  -0.02469909     19431.78
        7163    0.9018788     2.938885  -0.02487323     19432.13
      7163.2    0.9028263     2.938187 -0.008006648     19432.49
      7163.4    0.9034419     2.937379  -0.00327068     19432.69
      7163.6    0.9043336     2.937476  -0.01110384     19432.99
      7163.8    0.9049828     2.936269  -0.01415519     19433.09
        7164    0.9061181     2.929304  0.001976012     19433.62
      7164.2     0.906936     2.926055   0.01010153     19434.52
      7164.4    0.9075003     2.939057   0.01255451     19434.84
      7164.6    0.9083505      2.94435   0.01919574     19435.13
      7164.8    0.9095064     2.939348 -0.003042121     19435.61
        7165    0.9108774     2.941411  -0.01738696     19436.16
      7165.2    0.9121485     2.936623  -0.02479391     19436.63
      7165.4    0.9131431      2.93044   -0.0245035     19436.85
      7165.6     0.914265     2.919513 -0.0005604144     19437.31
      7165.8    0.9154422     2.921808  0.001303868     19437.91
        7166    0.9167357     2.936175  0.006771235     19438.44
      7166.2    0.9179124     2.931483  0.003810908     19438.83
      7166.4    0.9191021      2.92493   -0.0107245     19439.03
      7166.6    0.9204617     2.924857 -0.009615313      19439.2
      7166.8    0.9218992     2.927595  -0.02040548     19439.27
        7167    0.9236138     2.923791  -0.02801308     19439.29
      7167.2    0.9252731     2.908605  -0.02726597     19439.38
      7167.4    0.9266766     2.902447  -0.01981947     19439.32
      7167.6    0.9281643     2.905782   0.00191483     19439.41
      7167.8    0.9295519     2.907936  0.008405796     19439.77
        7168    0.9311984     2.910137 -0.002595349     19440.02
      7168.2    0.9332063     2.909171  -0.01039363     19440.44
      7168.4    0.9348604     2.903706   -0.0257611     19441.04
      7168.6    0.9368231     2.899621  -0.01857957     19441.61
      7168.8    0.9386576     2.889528   0.01121872     19442.31
        7169    0.9402713     2.894308   0.02588746     19443.03
      7169.2    0.9417907     2.912681   0.03187207     19443.55
      7169.4    0.9442514     2.920331  0.008269825     19444.25
      7169.6    0.9470978     2.915026 -0.004105401     19444.83
      7169.8    0.9491664     2.900923  -0.01241415     19445.26
        7170    0.9512449     2.909397  -0.01187114     19446.03
      7170.2    0.9534131     2.910399   0.01070316     19446.64
      7170.4    0.9555669     2.905529 -0.002651465     19447.26
      7170.6    0.9580555     2.909486 -0.0007308803     19447.92
      7170.8    0.9602946     2.907275 -0.006034358      19448.6
        7171     0.962452     2.909815   -0.0215824     19449.27
      7171.2    0.9647596     2.900702  -0.01955732     19449.88
      7171.4    0.9670238      2.89222  -0.01962347      19450.7
      7171.6    0.9692817      2.89163  -0.02271178     19451.57
      7171.8    0.9715831     2.894116  -0.03351585     19452.21
        7172    0.9740459     2.882532  -0.03639668     19453.09
      7172.2    0.9767218     2.865407  -0.03499167        19454
      7172.4    0.9795907     2.862512  -0.02386181     19454.73
      7172.6    0.9818171     2.866123 0.0006163877     19455.35
      7172.8    0.9833236     2.863443  0.007659001     19455.91
        7173    0.9851685       2.8659  -0.01308817     19456.54
      7173.2    0.9876277     2.868639  -0.02247522      19457.3
      7173.4    0.9903097     2.855652  -0.02842535     19458.14
      7173.6    0.9925584     2.845463  -0.02277335     19458.69
      7173.8    0.9945636      2.84316  -0.01153422     19459.36
        7174    0.9967538     2.850421   0.01370469     19460.15
      7174.2    0.9989136     2.846425   0.03101899      19460.9
      7174.4     1.000614     2.856426   0.03308378      19461.6
      7174.6     1.002384     2.867975   0.04708087     19462.51
      7174.8     1.004462     2.876888   0.02473704     19463.08
        7175     1.006351     2.884089 -0.005258572     19463.73
      7175.2     1.008087     2.876216   -0.0189764     19464.57
      7175.4     1.009715     2.863769  -0.03011834     19465.35
      7175.6     1.011846     2.861707  -0.02890519     19466.12
      7175.8     1.013414     2.859995  -0.03547685     19466.89
        7176     1.014769     2.853092  -0.06044032     19467.38
      7176.2     1.016022     2.835387  -0.06717052     19468.17
      7176.4     1.017956     2.813354  -0.06746147     19468.96
      7176.6     1.019925     2.806258  -0.05701185     19469.38
      7176.8     1.021513     2.799123  -0.04232298     19469.84
        7177     1.022468     2.789778   -0.0403179     19470.29
      7177.2     1.023475     2.779496  -0.02839849     19470.86
      7177.4     1.024701     2.774004  -0.01545889     19471.64
      7177.6     1.026258     2.776404 -0.003461549     19472.62
      7177.8      1.02801      2.77741  0.002108718     19473.69
        7178     1.029712     2.776727 0.0006898993     19474.75
      7178.2     1.031633     2.775691   0.00801275     19475.77
      7178.4     1.033557     2.776956   0.01657489      19476.6
      7178.6     1.035431     2.783821   0.02899397     19477.36
      7178.8     1.037392     2.789987   0.04782999      19478.1
        7179     1.039533     2.798886   0.05040666     19478.75
      7179.2     1.041514      2.81522   0.05192758     19479.36
      7179.4     1.043473     2.824146   0.05792342     19479.93
      7179.6     1.045476     2.831529   0.03583036     19480.72
      7179.8     1.047094     2.845225  0.004620137      19481.4
        7180     1.048656     2.843884  -0.01050576     19482.15
      7180.2     1.050626     2.827842  -0.01668469     19482.82
      7180.4     1.052482     2.823124 -0.007779083     19483.62
      7180.6      1.05453     2.831877  -0.00871672     19484.11
      7180.8     1.056106     2.837661  -0.02783263     19484.46
        7181      1.05747     2.820869  -0.04981878     19484.91
      7181.2     1.058831     2.800858  -0.05037933      19485.3
      7181.4     1.060364     2.792022  -0.03014282     19485.85
      7181.6     1.061585     2.797357  -0.01297037     19486.73
      7181.8     1.062693     2.796754  0.002397437     19487.91
        7182     1.063584     2.790482 -0.007573665     19488.73
      7182.2     1.064411      2.79394  -0.02236343     19489.36
      7182.4     1.065495     2.791298  -0.02242425     19489.81
      7182.6     1.066548     2.778864  -0.02043544     19490.33
      7182.8     1.067172     2.772542 -0.001526891     19491.27
        7183     1.067775     2.777592   0.02501292     19492.16
      7183.2      1.06824     2.790077   0.03463399     19492.92
      7183.4     1.068434     2.798874   0.03028619     19493.39
      7183.6     1.068815     2.800249   0.01778192     19493.73
      7183.8     1.069136     2.801821  0.005686807     19494.59
        7184      1.06954     2.804302 -0.003226854     19495.59
      7184.2      1.07001     2.803423  -0.01506469     19496.53
      7184.4     1.070508     2.797668  -0.02205821     19497.32
      7184.6     1.070633     2.789769  -0.01106719     19498.05
      7184.8     1.070324     2.786656  -0.00219745     19498.69
        7185     1.069949      2.79457 -0.001778176     19499.66
      7185.2     1.069589      2.79591  0.004289504     19500.55
      7185.4      1.06896     2.788346   0.00420269     19501.58
      7185.6      1.06857     2.790087   0.01087933     19502.44
      7185.8     1.068617     2.797932   0.01315561     19503.11
        7186     1.068199     2.804614  0.008333043        19504
      7186.2     1.068297     2.798871   0.01280984      19505.2
      7186.4     1.068152     2.796754   0.01159294     19506.35
      7186.6     1.067818      2.80818   0.02390892      19507.4
      7186.8     1.067315     2.813888   0.02856615      19508.2
        7187     1.066802     2.817998   0.01937433     19509.04
      7187.2     1.066602     2.819607    0.0265531     19509.72
      7187.4     1.066486     2.823679   0.02383575     19510.48
      7187.6     1.066264      2.83513   0.02456322     19511.53
      7187.8     1.065799     2.837067   0.03415816      19512.3
        7188     1.065284     2.839257   0.02091631     19512.97
      7188.2     1.065034     2.851006  0.002519074     19513.71
      7188.4       1.0645     2.851863  -0.01204428     19514.21
      7188.6     1.063801     2.839082  -0.02329729     19514.82
      7188.8     1.063555     2.829622  -0.02380771     19515.47
        7189     1.063132     2.832368  -0.01265533     19516.02
      7189.2     1.062624     2.832817  0.006815923     19516.87
      7189.4     1.062045     2.828958   0.02235235     19517.59
      7189.6     1.061689     2.835075   0.01668107     19518.47
      7189.8      1.06125      2.85025   0.01697739     19519.61
        7190     1.060637     2.846162   0.03133795     19520.04
      7190.2     1.060633     2.842539   0.01508517     19520.87
      7190.4     1.060307     2.860145   0.01207933     19521.94
      7190.6     1.059349     2.862318  0.003567659     19522.44
      7190.8     1.058276     2.855826  -0.03828345     19523.45
        7191      1.05766     2.845394  -0.03907808     19524.47
      7191.2     1.057045     2.829518  -0.02410571     19525.45
      7191.4     1.056297     2.831055 -0.007489519     19526.19
      7191.6     1.056011     2.836541   0.01935618     19526.94
      7191.8     1.055865     2.839402   0.02450134     19527.97
        7192     1.055557     2.845003   0.03052946     19528.83
      7192.2     1.055014     2.850657   0.04406548     19529.58
      7192.4     1.054177     2.860965    0.0508562     19530.37
      7192.6      1.05309     2.874654   0.05529534     19531.35
      7192.8     1.052183     2.885688    0.0583187      19532.5
        7193      1.05158     2.894893   0.06334301     19533.24
      7193.2     1.051124     2.907619   0.06688276     19533.96
      7193.4       1.0506     2.925329   0.06117197     19535.03
      7193.6     1.049627     2.939194   0.04761761     19535.85
      7193.8     1.048701      2.94383   0.04286664     19536.64
        7194     1.047612     2.945714   0.03770533     19537.28
      7194.2     1.046485     2.959622   0.02152962     19538.05
      7194.4     1.045553     2.969359  0.002266454     19538.85
      7194.6     1.044549     2.961054  -0.01817253     19539.77
      7194.8     1.043498     2.947527  -0.02930488     19540.79
        7195       1.0419     2.945084  -0.04233687     19541.65
      7195.2     1.040645     2.945915  -0.03393223     19542.57
      7195.4      1.03951     2.927185  -0.02605906     19543.41
      7195.6      1.03864     2.920381  -0.03229963     19544.31
      7195.8     1.037807     2.924237  -0.02599047     19545.01
        7196     1.036791     2.920075  -0.03344763     19546.15
      7196.2     1.035748     2.906392  -0.04210539     19547.34
      7196.4      1.03458     2.893623  -0.04155752     19548.09
      7196.6     1.033425     2.890552  -0.03571684     19548.89
      7196.8     1.032532     2.886829  -0.01993248     19549.78
        7197     1.031372     2.877819 -0.008395549     19550.54
      7197.2     1.030063     2.877677 0.0009585555     19551.26
      7197.4     1.029188     2.883836   0.01716564     19552.14
      7197.6     1.028757     2.887596   0.02005825     19552.98
      7197.8     1.028206     2.891551  0.005113926     19553.79
        7198     1.027172     2.893723  -0.01341245     19554.85
      7198.2     1.026032     2.887927  -0.01974777     19555.76
      7198.4      1.02465     2.876866  -0.02505565     19556.55
      7198.6     1.023407     2.875753  -0.01102432     19557.53
      7198.8     1.022422     2.873679  0.007517527     19558.21
        7199     1.021384     2.879108 0.0002624924     19559.03
      7199.2     1.020042      2.88288 -0.003642554     19559.75
      7199.4     1.019048     2.875963  -0.01014112     19560.52
      7199.6     1.017514     2.870765  -0.02411637     19561.38
      7199.8     1.016247     2.870995  -0.02715186     19562.28
        7200     1.015684     2.863587  -0.03106112     19563.09
      7200.2     1.015173     2.854242  -0.03713913      19563.8
      7200.4     1.014049     2.845916  -0.02575756     19564.48
      7200.6     1.012939     2.841284  -0.01728467     19564.87
      7200.8     1.011872     2.842981  -0.02222663     19565.68
        7201     1.010482     2.840414  -0.03013294     19566.65
      7201.2     1.009252     2.828135  -0.03549707      19567.4
      7201.4     1.008081     2.817177  -0.03210182     19568.16
      7201.6     1.006969     2.814583  -0.02092637     19568.96
      7201.8     1.006037     2.814732 -0.009529809     19569.72
        7202      1.00507     2.811394  0.008151023     19570.58
      7202.2      1.00399     2.809553   0.02044458     19571.34
      7202.4     1.002955     2.821104   0.01173927     19571.94
      7202.6     1.002154     2.831088  0.005893748     19572.78
      7202.8     1.001119     2.820785 -0.006521159     19573.53
        7203    0.9997637     2.814268  -0.02176656     19574.26
      7203.2    0.9983807     2.815887  -0.02522246     19575.21
      7203.4    0.9972512     2.813675  -0.01992801     19576.12
      7203.6    0.9965436     2.800607  -0.02022822     19577.02
      7203.8    0.9957681     2.798326   -0.0208309     19578.09
        7204    0.9948327     2.799704  -0.01379874     19578.95
      7204.2    0.9938816      2.79701  -0.02591791     19579.73
      7204.4    0.9929345     2.789568   -0.0397238     19580.48
      7204.6    0.9919189     2.777592  -0.03723872     19580.82
      7204.8    0.9910703     2.767925  -0.03676037     19581.22
        7205    0.9904143     2.767219  -0.03794509     19581.86
      7205.2    0.9896707      2.76016   -0.0303064     19582.51
      7205.4    0.9889143     2.747235  -0.02911207     19583.11
      7205.6    0.9881512      2.74368  -0.02150145     19583.66
      7205.8      0.98715     2.743929 -0.004989494     19584.13
        7206    0.9864054     2.742959 -0.000755886     19584.88
      7206.2    0.9859674     2.743244  0.002196226     19585.84
      7206.4    0.9853783     2.743076  0.009921787      19586.8
      7206.6    0.9848365     2.745686  0.008891462     19587.77
      7206.8     0.984316     2.750896  0.003264552     19588.58
        7207    0.9837919     2.750357  0.001533166     19589.42
      7207.2    0.9834086     2.745687 -0.001360394     19589.98
      7207.4     0.982959     2.746913  -0.01074178     19590.45
      7207.6    0.9828075     2.749808 -0.003626817     19591.36
      7207.8    0.9825765     2.741764   0.01346879     19592.41
        7208    0.9819103     2.742786  0.009538294     19593.09
      7208.2    0.9817768     2.757688    0.0107421     19593.67
      7208.4    0.9817737     2.757438    0.0173934      19594.1
      7208.6    0.9815845     2.750357  0.008382388     19594.98
      7208.8    0.9814506     2.756701   0.01637116     19595.81
        7209    0.9815032     2.764394   0.02848109      19596.7
      7209.2       0.9815     2.770535    0.0197304     19597.65
      7209.4    0.9814709     2.773142  0.004646213     19598.28
      7209.6    0.9818985     2.772485  -0.00359141     19598.94
      7209.8    0.9820856     2.768111  -0.01914963     19599.76
        7210    0.9817365     2.767662  -0.03005045     19600.21
      7210.2    0.9814025     2.757822    -0.016071     19600.43
      7210.4     0.981502     2.748444 -0.001954621     19600.96
      7210.6    0.9814446     2.755254   0.02460338     19601.63
      7210.8    0.9813502     2.766098   0.04135389     19602.21
        7211    0.9818056     2.777505   0.03436998     19602.74
      7211.2    0.9819963     2.781528   0.02572381     19603.24
      7211.4    0.9821582      2.78275   0.01485837     19603.99
      7211.6    0.9823502     2.786678  0.007603727     19604.94
      7211.8    0.9824487     2.789392   0.00551062        19606
        7212    0.9826799     2.787611   0.01283714     19606.74
      7212.2    0.9828746     2.787159   0.02624592     19607.29
      7212.4    0.9835069     2.796947   0.04268415     19607.92
      7212.6    0.9839522     2.810389   0.05135111     19608.61
      7212.8    0.9842872     2.821758   0.05578005     19609.28
        7213    0.9847782     2.828239   0.05366492      19609.9
      7213.2    0.9851933     2.841571   0.03985478     19610.94
      7213.4    0.9859872     2.853321   0.03419257     19611.81
      7213.6    0.9863521     2.853642   0.03760198     19612.39
      7213.8    0.9867805     2.855593   0.03506009      19613.2
        7214    0.9875528     2.871653    0.0407713     19614.17
      7214.2    0.9881982     2.881369   0.04621573     19614.76
      7214.4    0.9887124     2.886259   0.03117542     19615.22
      7214.6    0.9893339     2.892566    0.0265761      19615.9
      7214.8    0.9897977     2.896593   0.02415258     19616.75
        7215    0.9900391      2.90263   0.02465806     19617.63
      7215.2    0.9903111     2.905581   0.03838366     19618.27
      7215.4    0.9907787     2.912292   0.05393625      19618.8
      7215.6    0.9916962       2.9273   0.06447029     19619.28
      7215.8    0.9920914     2.945779   0.06133807     19619.67
        7216     0.992778     2.957157   0.04909367     19620.24
      7216.2    0.9934205     2.961363   0.04495205     19621.02
      7216.4    0.9936057     2.966575   0.04295511     19621.79
      7216.6    0.9943762      2.98174   0.03290472     19622.26
      7216.8     0.995164     2.991521   0.01918131     19622.88
        7217    0.9959732     2.987687  0.002079839     19623.57
      7217.2    0.9968761      2.98192   0.01215448     19624.19
      7217.4     0.997892     2.983404   0.03772777     19624.62
      7217.6    0.9992347     3.001245   0.05334957      19625.3
      7217.8    0.9999527     3.017869   0.04954802      19625.8
        7218     1.000315       3.0246   0.03184029     19626.42
      7218.2     1.000903     3.023042    0.0196258      19627.3
      7218.4     1.001448     3.026717  0.006652544     19627.78
      7218.6     1.001915      3.03357   0.01406455     19628.35
      7218.8     1.002384     3.029922    0.0228095     19629.32
        7219     1.002812     3.034294  0.006920399     19630.11
      7219.2     1.003444     3.044965  0.007687179     19630.62
      7219.4      1.00439     3.039106   0.01175476     19631.02
      7219.6     1.005263     3.036072  0.001956176     19631.52
      7219.8     1.006168     3.043698  0.008474461     19632.24
        7220     1.007244     3.046529  0.008393222        19633
      7220.2     1.007951     3.045885 0.0006180829     19633.74
      7220.4     1.008528     3.042786 -0.005570163     19634.33
      7220.6     1.009747     3.044192  0.009661258     19635.04
      7220.8     1.010446     3.042073    0.0160386     19636.08
        7221     1.010717     3.053614  0.004990348     19636.88
      7221.2     1.011246     3.055617   0.01599544     19637.58
      7221.4     1.011615     3.048185  0.005180024     19638.54
      7221.6     1.012244      3.05487 0.0005969812     19639.41
      7221.8     1.013134     3.057758  0.004399328     19640.18
        7222     1.013986     3.056095  -0.01004598     19640.89
      7222.2     1.014729     3.051704 -0.009032079      19641.5
      7222.4     1.015413     3.046833 -3.97677e-05     19642.18
      7222.6     1.015919     3.050533 0.0001356328      19643.1
      7222.8     1.016536     3.056063 -0.007406651     19643.79
        7223     1.017366     3.051813  -0.01612962     19644.23
      7223.2     1.018123     3.040908  -0.02392689     19645.08
      7223.4     1.018816     3.037629  -0.03589143     19646.02
      7223.6     1.019076     3.036921  -0.04927909     19646.89
      7223.8     1.019443     3.023099  -0.06012067     19647.81
        7224     1.019937     3.001484  -0.04688744     19648.51
      7224.2     1.020475     2.989533  -0.01289351     19649.24
      7224.4      1.02163     2.999411   0.02313552     19649.88
      7224.6     1.022513     3.012785   0.03445563     19650.61
      7224.8     1.023191     3.019993  0.003614535     19651.52
        7225      1.02379     3.017097   -0.0288019     19652.38
      7225.2     1.023782     3.002303  -0.04735667     19653.05
      7225.4     1.023726     2.989743  -0.05020031     19653.72
      7225.6     1.023948     2.982107  -0.03402599      19654.5
      7225.8     1.024238     2.976937  -0.02611374     19654.97
        7226     1.024705     2.975082  -0.04464187     19655.56
      7226.2      1.02494     2.968852  -0.05699855     19656.38
      7226.4     1.024872     2.946394  -0.05907642     19657.26
      7226.6     1.025294     2.931338  -0.06706477      19658.2
      7226.8     1.025787     2.927821  -0.05290621      19658.7
        7227     1.025988       2.9152  -0.04453491     19659.13
      7227.2     1.026224     2.904069  -0.03365526     19659.87
      7227.4     1.026274      2.89571 -0.004795988     19660.26
      7227.6     1.026741     2.900897 -0.001602963      19660.8
      7227.8     1.026914     2.911364  0.003028665     19661.58
        7228      1.02696     2.902787   -0.0103911     19662.18
      7228.2     1.026975     2.898133  -0.03207278     19663.02
      7228.4     1.026902     2.892584  -0.03018358     19663.73
      7228.6     1.026817     2.885705  -0.01948684      19664.6
      7228.8     1.026545      2.87864 -0.009237301     19665.51
        7229     1.026128     2.882544 -0.003965184     19666.28
      7229.2     1.025868     2.885194 -0.000848902     19666.98
      7229.4     1.025548     2.882533  -0.01188874     19667.51
      7229.6     1.025331     2.877961   -0.0306557     19667.78
      7229.8     1.025261     2.873033  -0.04445795     19668.25
        7230     1.025106      2.86067  -0.05310125     19668.97
      7230.2     1.025188     2.846967  -0.06606399     19669.79
      7230.4     1.025167      2.83548  -0.06528559     19670.71
      7230.6     1.024455     2.820181  -0.05329794     19671.39
      7230.8     1.023562     2.808441  -0.04129844     19671.87
        7231     1.023025     2.804328  -0.02835001     19672.52
      7231.2     1.022664     2.802441  -0.01637189     19673.21
      7231.4     1.022313     2.797501  -0.01341704     19673.79
      7231.6     1.022174     2.795344  -0.01977399     19674.45
      7231.8     1.021486     2.793595     -0.02622     19675.13
        7232     1.021069     2.786622  -0.04227898     19675.68
      7232.2      1.02073     2.776525  -0.03058773     19676.37
      7232.4     1.020443      2.76152  -0.01722261     19676.72
      7232.6     1.019989     2.769125  -0.01190906     19676.96
      7232.8     1.019089     2.772844  0.008763697     19677.63
        7233     1.018486     2.766998 9.830975e-05     19678.45
      7233.2     1.018051     2.768531 -0.002546907      19678.8
      7233.4     1.017837     2.769203  0.007121305        19679
      7233.6     1.017553     2.770806  -0.00420946     19679.49
      7233.8     1.016867     2.772695  -0.02017735     19679.96
        7234     1.016257     2.765164  -0.03528816     19680.37
      7234.2      1.01598     2.753061  -0.04786364     19681.12
      7234.4     1.015613     2.742576  -0.04502317     19681.91
      7234.6     1.014848     2.734404  -0.04055287     19682.46
      7234.8        1.014     2.729145  -0.03810748     19683.15
        7235     1.013201     2.720619  -0.02761647     19683.92
      7235.2     1.012439      2.71209  -0.02882741     19684.52
      7235.4     1.012012     2.712311   -0.0249285     19685.42
      7235.6     1.011484     2.706083 -0.009601812     19686.31
      7235.8     1.010817     2.700676  -0.01344862     19687.05
        7236     1.010047     2.704408  -0.01888247     19687.55
      7236.2     1.009459     2.701552  -0.01550601     19688.33
      7236.4     1.008486     2.690977  -0.01439918     19689.09
      7236.6     1.007437     2.688272 -0.005300541     19689.84
      7236.8     1.006596     2.692889  0.002038871     19690.69
        7237     1.005881     2.697312  0.003492043     19691.39
      7237.2     1.005155     2.692608 3.648526e-05      19691.7
      7237.4     1.004455     2.691065 -0.003541482     19692.23
      7237.6     1.003616     2.692918   0.01077449     19693.14
      7237.8     1.002806     2.694479    0.0201305     19693.66
        7238     1.002053     2.701228   0.02270115     19693.75
      7238.2     1.001334      2.70717   0.02068855     19694.08
      7238.4      1.00074     2.711079  0.006517122     19694.77
      7238.6    0.9996387     2.711029 -0.007894918     19695.67
      7238.8    0.9984184     2.706442  -0.01716093     19696.63
        7239    0.9974194     2.700854  -0.01952585     19697.47
      7239.2    0.9968523      2.69735  -0.01311705     19698.24
      7239.4    0.9959654     2.695409  -0.01406948     19699.02
      7239.6      0.99507     2.695948  -0.01946925     19699.93
      7239.8     0.994435     2.689598  -0.01403716     19700.75
        7240    0.9932928     2.681775 -0.007254609     19701.58
      7240.2    0.9919672     2.684179 -0.0003432454     19702.08
      7240.4    0.9908638     2.690144   0.00405228     19702.15
      7240.6    0.9896235     2.689323 -0.0007136494     19702.64
      7240.8    0.9888344     2.685017 -0.003538803     19703.35
        7241    0.9881199     2.683608  0.005563373     19704.24
      7241.2    0.9868992     2.687313   0.01847592     19705.14
      7241.4    0.9856805     2.693774   0.02805544     19705.82
      7241.6    0.9847926     2.699797   0.02213824     19706.65
      7241.8    0.9839296     2.706052  0.007882131     19707.45
        7242    0.9831004     2.705024   0.01487737     19708.15
      7242.2    0.9824159      2.70008   0.01454911     19708.93
      7242.4    0.9812718     2.711699  0.008191861     19709.63
      7242.6    0.9804054     2.717692   0.01818568     19710.26
      7242.8    0.9795469     2.711577   0.01151123     19710.86
        7243    0.9789758     2.714628  -0.00508297     19711.73
      7243.2    0.9778556     2.720908 -0.003562285     19712.44
      7243.4    0.9768096     2.713625  0.006898254     19712.79
      7243.6    0.9763215     2.708728  0.008266056     19713.47
      7243.8    0.9758673     2.720147   0.02262295     19714.19
        7244    0.9746151     2.727521   0.03543036     19714.69
      7244.2    0.9736418     2.731724   0.01409664     19715.34
      7244.4    0.9731273     2.737072 -0.001538263      19716.2
      7244.6    0.9723942     2.731424 -0.002306392     19717.07
      7244.8    0.9716035      2.72629 -0.009620808     19717.92
        7245    0.9709848     2.729879 -0.006127054     19718.59
      7245.2    0.9703202     2.729375  0.005462176     19719.26
      7245.4    0.9697489     2.726523   0.01020337      19720.2
      7245.6     0.969613      2.73066   0.01509837     19721.08
      7245.8    0.9693044     2.738041    0.0240495     19721.81
        7246    0.9688424     2.741454    0.0109776     19722.39
      7246.2    0.9685443     2.745762  -0.01312258     19723.13
      7246.4     0.968014     2.739442  -0.02184592     19723.53
      7246.6    0.9678045     2.727543  -0.02568721     19724.02
      7246.8     0.967528     2.723977   -0.0149264     19724.72
        7247    0.9672155     2.725212   0.01306626     19725.46
      7247.2    0.9670768     2.727501    0.0323732     19726.15
      7247.4    0.9667807     2.737996   0.03102564     19726.85
      7247.6    0.9665224     2.749876   0.02774224     19727.57
      7247.8    0.9664522     2.750033    0.0168322     19728.27
        7248    0.9666531     2.749695  0.003775451     19729.09
      7248.2    0.9669539     2.751462   0.01184681     19729.99
      7248.4    0.9671247     2.752896   0.01748453     19730.79
      7248.6    0.9673704      2.75951   0.01527862     19731.48
      7248.8    0.9676308     2.763682    0.0170637     19732.09
        7249    0.9677743     2.763685  0.002174419     19732.56
      7249.2     0.967938     2.766547  -0.02067839     19733.06
      7249.4    0.9680183      2.76125  -0.01830237     19733.87
      7249.6    0.9683453      2.74714  -0.01369413     19734.58
      7249.8      0.96878     2.749043 -0.003580089     19734.86
        7250    0.9689308     2.755592   0.01213671     19735.54
        7252    0.9737649     2.732714 -0.005977897     19742.68
        7254    0.9802464     2.711687 -0.005620178     19751.01
        7256    0.9882749     2.718515 -0.002128716     19759.19
        7258    0.9971421     2.712791  0.002969965     19766.24
        7260     1.005917     2.715684  0.005378742     19772.95
        7262     1.014175     2.735447  0.006274602     19780.18
        7264     1.021778     2.761545  0.003413225     19787.43
        7266     1.027505     2.762988  0.000706959     19793.92
        7268     1.031005      2.74299  0.002707414     19800.36
        7270     1.033451     2.741103  0.005573874     19807.47
        7272     1.034424     2.783205  0.007394317     19815.02
        7274     1.034863     2.807579  0.008948855     19821.35
        7276     1.034297     2.802145  0.004620689     19827.25
        7278     1.033596     2.812694   0.00371255     19833.49
        7280     1.032359      2.82017  0.003948916     19839.91
        7282     1.030679     2.837279   0.00413745     19847.08
        7284     1.027228     2.833736    0.0065405     19854.07
        7286     1.023052     2.845793  0.002777575     19860.67
        7288     1.018351     2.872494  0.001753986     19868.35
        7290     1.012211       2.8595 -0.003746983     19876.04
        7292     1.006444     2.847768  -0.01249275     19883.18
        7294     1.002019     2.815817  -0.01492933     19890.41
        7296     0.998391     2.772552    -0.017228     19897.04
        7298    0.9955231     2.740065  -0.01694592     19904.17
        7300    0.9933253     2.709944  -0.01359298     19910.57
        7302     0.990783      2.68025  -0.01125293     19916.24
        7304    0.9890201     2.663808 -0.008205162     19922.82
        7306    0.9870464     2.650042 -0.005517052     19928.58
        7308    0.9847951     2.644303 -0.004327752        19935
        7310    0.9839128     2.636114  -0.00260262     19941.32
        7312    0.9849963     2.629186 -0.002213432     19947.23
        7314    0.9871491     2.629221  -0.00228099     19954.25
        7316    0.9900865     2.626595 -0.001787626     19961.73
        7318    0.9932714     2.617866 -0.001549148     19968.89
        7320    0.9974367     2.614885 -0.001948698     19976.01
        7322     1.001155     2.616828 -0.000550305     19983.19
        7324      1.00489     2.611006 -0.0008050137     19989.33
        7326     1.008601     2.613463 -0.001638395     19996.15
        7328     1.011283     2.608445 -0.001546133     20001.67
        7330     1.012972     2.603721 -0.001821683     20007.34
        7332     1.013223     2.598637 -0.001198646     20013.39
        7334     1.012601      2.59889 -0.001774115     20019.66
        7336     1.011121     2.598856 -0.001924679     20026.74
        7338     1.008824     2.589528 -0.002051142     20033.56
        7340     1.006844     2.583239 -0.0009294765     20039.28
        7342     1.004568     2.582481  0.001687858     20044.91
        7344      1.00195      2.59142  0.003938033     20051.71
        7346    0.9999966     2.603031  0.005291565     20058.39
        7348    0.9978033     2.614743  0.008695676     20064.01
        7350    0.9954135     2.624813   0.01091573     20069.85
        7352    0.9943321     2.660986  0.007897141     20076.55
        7354    0.9935969     2.690357  0.006461759     20083.09
        7356    0.9928787      2.67792  0.003976194     20088.83
        7358    0.9925617     2.676507 0.0008486699     20095.96
        7360    0.9929825     2.692795  0.003255226     20103.15
        7362    0.9933901     2.697146  0.003041998     20109.14
        7364    0.9942962     2.703962 -0.0002173179     20115.29
        7366    0.9955957     2.700843 -0.0004867914     20120.98
        7368    0.9969255     2.691057 -0.003004411     20126.99
        7370    0.9977268     2.693252 -0.005327404     20132.92
        7372    0.9985073     2.679927 -0.007559382      20137.9
        7374    0.9989174     2.658224  -0.01226853     20142.56
        7376    0.9989067     2.630581  -0.01424371     20148.57
        7378    0.9990538     2.595103  -0.01449096     20155.03
        7380    0.9983302     2.565977  -0.01372664     20160.95
        7382    0.9974432     2.542296  -0.01090865     20167.01
        7384    0.9969901     2.520768 -0.008131089     20173.58
        7386    0.9968555     2.507834 -0.005104411      20179.3
        7388    0.9972497     2.500929 -0.002164751     20185.09
        7390    0.9980883     2.501461 -0.0009369506     20191.13
        7392    0.9986719      2.50345  8.41705e-05     20196.84
        7394    0.9995024     2.500339  0.001172031     20203.69
        7396      1.00084     2.501602 0.0007119213     20209.61
        7398     1.000991     2.510837 0.0004403078     20215.74
        7400     1.001157     2.509146 0.0007676542     20221.82
        7402     1.000662     2.503861 -0.0009643386     20227.36
        7404     1.000039     2.507743 -0.0009144273     20232.97
        7406    0.9998033     2.503123 0.0003231946     20238.78
        7408    0.9991053      2.50183 -0.0005641933     20245.05
        7410    0.9979336     2.506447 -6.189023e-05     20250.52
        7412    0.9970943      2.50323 -0.0008933356     20256.48
        7414     0.996394     2.502627 -0.001904489     20262.64
        7416     0.995427     2.494684  -0.00169777     20268.25
        7418    0.9947151     2.491211 -0.002607955     20273.23
        7420    0.9940578     2.489648   -0.0041833     20278.82
        7422    0.9937525     2.481764 -0.004871313     20283.95
        7424    0.9932418     2.461217 -0.004130881     20288.74
        7426    0.9926304      2.45224  -0.00328758     20294.45
        7428     0.992387       2.4566 -0.0004170285     20300.96
        7430      0.99238     2.455463  0.000366319     20308.41
        7432    0.9917303     2.457881 -3.677592e-05     20314.34
        7434    0.9915372     2.455171 0.0004431406      20320.3
        7436    0.9920386     2.456306  0.001366319     20326.27
        7438    0.9919177     2.459008  0.001671169     20331.87
        7440    0.9921977     2.468812 0.0005621828     20337.53
        7442    0.9924358      2.46854  0.001320565     20343.59
        7444    0.9927105     2.460804  0.001851905     20348.69
        7446    0.9938839     2.469573  0.002825996     20353.35
        7448    0.9956036     2.483627  0.003640784     20358.83
        7450    0.9964002     2.491148  0.002149094     20365.06
        7452    0.9969656      2.48993 0.0001149081     20371.16
        7454    0.9981036     2.486766 -0.001200966     20376.55
        7456    0.9979243     2.484546 -0.001623543     20381.72
        7458    0.9977059      2.48154 -0.001764884     20387.42
        7460    0.9976851     2.476942 -0.002546697     20393.26
        7462    0.9970757     2.472647 -0.002644128     20399.33
        7464    0.9962453     2.464173 -0.003098783     20404.79
        7466       0.9954     2.460387 -0.004017921     20410.38
        7468    0.9942806     2.452151 -0.004214107      20415.9
        7470     0.993428     2.440503 -0.004656988     20421.37
        7472    0.9930501      2.43046 -0.005062309     20427.71
        7474    0.9923697     2.423131 -0.005224691     20433.94
        7476    0.9924839     2.411653 -0.004341793     20438.38
        7478    0.9928917     2.398706 -0.004424808     20443.55
        7480    0.9931571     2.395725 -0.004274552     20449.89
        7482    0.9932699     2.387733 -0.003364883     20455.24
        7484      0.99331     2.377457  -0.00408804     20459.31
        7486    0.9932789     2.371787 -0.004106996     20463.46
        7488    0.9932145     2.363021 -0.003296622     20468.51
        7490    0.9927429     2.354877 -0.003276828     20474.08
        7492    0.9923512     2.351084 -0.002744696     20479.41
        7494    0.9923659     2.345572 -0.002238675     20485.28
        7496    0.9926261     2.341063 -0.001609076     20490.37
        7498    0.9928602     2.336968 -0.001150643      20495.6
        7500    0.9932931     2.338211 -0.0009059662     20500.62
        7502    0.9934191     2.336367 1.565284e-05     20505.46
        7504    0.9937335     2.333816 -0.0007548946     20510.95
        7506    0.9940228     2.337093 -0.001011282     20516.55
        7508    0.9943616     2.332172 -0.0008625418     20521.19
        7510    0.9943041     2.328277 -0.001466863     20525.92
        7512    0.9941771     2.326915 -0.001256116     20530.46
        7514    0.9944734     2.325358 -0.001728237     20534.85
        7516    0.9945359     2.322123 -0.001495916     20536.43
        7518    0.9945646     2.314451 -0.001153105     20526.16
        7520    0.9941404     2.314948 -0.0006277277      20510.8
        7522    0.9943755     2.316133 1.765159e-05     20508.63
        7524    0.9965154     2.317101 -0.0003649285     20429.74
        7526    0.9965385     2.314592 -0.001052021     20253.01
        7528    0.9936249     2.312029 -0.002065908     20243.72
        7530    0.9949096     2.307717 -0.001332013     20281.82
        7532    0.9902477     2.300574 -0.001171577     20315.56
        7534    0.9946261     2.303936  -0.00171828     20569.48
        7536    0.9946517     2.302656 -0.001061851     20560.78
        7538    0.9944499     2.293971 -0.001605872      20567.5
        7540     0.994577     2.292079 -0.0007680023     20588.27
        7542    0.9947246     2.291089 -0.000375716     20607.42
        7544     0.994601     2.296512 -0.001049625     20613.89
        7546    0.9940293     2.290965 -0.001472503     20619.24
        7548    0.9937063     2.283682 -0.002245544     20624.25
        7550    0.9932238     2.279309 -0.001434409     20628.94
        7552    0.9929225     2.278548 -0.0003760214     20634.09
        7554     0.993088      2.27949 -1.506747e-05      20638.8
        7556    0.9928998     2.280674  -9.0985e-05     20643.47
        7558    0.9928718     2.279188 -0.0002873846     20648.96
        7560    0.9924464      2.27782 0.0001525785     20654.32
        7562    0.9924733      2.27719 0.0002896098     20659.22
        7564    0.9928034     2.281894 -0.0008144659     20663.24
        7566    0.9928924     2.281505 -0.001950747     20666.88
        7568    0.9927827     2.271304 -0.002607533      20671.5
        7570    0.9930088     2.261585 -0.003178124     20675.77
        7572    0.9934653     2.261034 -0.003087091        20680
        7574    0.9935461      2.25608 -0.002538351     20684.62
        7576    0.9933977     2.246607 -0.002863746     20688.52
        7578    0.9933254     2.241278 -0.003437089     20692.78
        7580    0.9938208     2.238124 -0.003001423     20697.08
        7582    0.9944335     2.228583 -0.002300892     20699.16
        7584    0.9939711     2.222596 -0.002441079     20701.98
        7586    0.9939392     2.222871 -0.002354294     20705.37
        7588    0.9942715     2.218596 -0.002432181     20708.98
        7590    0.9945182     2.209749 -0.002561037     20713.57
        7592    0.9947486     2.203138   -0.0020478     20717.65
        7594    0.9949104     2.202382 -0.001275498     20720.24
        7596    0.9956188     2.202213 -0.0007817176     20723.11
        7598    0.9958846     2.199545 -0.001030624     20726.32
        7600    0.9960818     2.196885 -0.001468233        20731
        7602    0.9965024     2.194137 -0.001482489     20736.31
        7604    0.9965958     2.190467 -0.001458117     20740.91
        7606    0.9966205     2.187685 -0.001478416     20745.51
        7608    0.9967985      2.18522 -0.002152848     20750.26
        7610    0.9969613      2.18231 -0.002041504     20753.96
        7612    0.9968969     2.173244 -0.001689989     20757.69
        7614    0.9967962     2.171353 -0.002349371     20761.94
        7616     0.996804       2.1717  -0.00159584        20767
        7618    0.9968256     2.163515 -0.001128978     20771.52
        7620    0.9967276     2.160478 -0.001465255     20776.32
        7622    0.9964443     2.162321 -0.001022371     20781.84
        7624    0.9962367     2.159978  -0.00142431     20785.67
        7626    0.9960155     2.155336  -0.00207931     20789.51
        7628    0.9961914     2.149083 -0.001941084     20793.73
        7630     0.995672     2.145687 -0.001469123     20797.79
        7632    0.9950794     2.144449 -0.001574204     20802.13
        7634    0.9950673     2.143583 -0.002022192     20805.96
        7636    0.9950283      2.13649 -0.002008394     20810.54
        7638    0.9951857     2.129509 -0.002287609     20815.48
        7640    0.9952934     2.128382 -0.001863099     20820.31
        7642    0.9952945     2.125282 -0.001127719     20823.95
        7644    0.9951689     2.121585 -0.001689195     20828.25
        7646    0.9952547     2.120487 -0.002190454     20833.03
        7648    0.9951632     2.114868 -0.002702765     20836.63
        7650     0.994817     2.107759 -0.002739427      20840.8
        7652    0.9946678     2.099963 -0.001980155     20845.69
        7654    0.9948263     2.098572 -0.0009954493     20849.72
        7656    0.9952192     2.099027 -0.0003726819     20854.15
        7658    0.9955152     2.099795 -0.0006320426     20858.44
        7660    0.9952666     2.096981 -0.001113477     20862.43
        7662    0.9952038     2.093516 -0.001227832     20867.01
        7664    0.9955662     2.090119 -0.0008739903     20871.19
        7666    0.9956919     2.089972 -0.0006642965     20875.09
        7668    0.9959609     2.089989 -0.0006431537     20878.62
        7670    0.9962135     2.088201 -0.0007979811     20882.15
        7672    0.9961692     2.084974 -0.001136321     20885.93
        7674    0.9963395     2.083588 -0.001029363     20890.54
        7676    0.9968247     2.080899 -0.0006230801     20894.99
        7678    0.9967937     2.079966 -0.0007883575     20899.22
        7680    0.9968366      2.07999 -0.001009795     20904.64
        7682    0.9971255     2.077282 -0.001140743     20910.14
        7684    0.9974641      2.07282 -0.001377496     20914.48
        7686    0.9978586      2.07084 -0.001824534     20918.51
        7688    0.9979674      2.06897 -0.001978653     20921.89
        7690     0.998193     2.062685 -0.001965339     20925.32
        7692    0.9984515     2.056991 -0.002076605     20929.46
        7694    0.9987086     2.055118 -0.001746603     20934.06
        7696    0.9988546     2.052357 -0.001446586      20938.8
        7698    0.9987535     2.048712  -0.00159059     20942.41
        7700    0.9986807     2.045419 -0.001653049     20945.82
        7702    0.9986644     2.042393 -0.001786015     20949.78
        7704    0.9987173     2.039132 -0.001560699     20954.34
        7706    0.9988691     2.034424 -0.001285172     20958.12
        7708    0.9985944     2.032933 -0.001266669     20961.73
        7710    0.9983593     2.032112 -0.001112046     20965.27
        7712    0.9986874     2.028999 -0.001024143        20970
        7714    0.9985266     2.025528 -0.001217323     20973.87
        7716    0.9984592      2.02474  -0.00107539     20978.51
        7718     0.998474     2.022373 -0.0006006818     20982.07
        7720     0.998564     2.020396 -0.0006528824     20985.43
        7722    0.9987641     2.020723 -0.0007620927     20989.07
        7724    0.9991095     2.019517 -0.0009214673     20991.91
        7726    0.9989778     2.016276  -0.00129835      20995.3
        7728    0.9986712     2.013024 -0.001396582     20998.69
        7730    0.9986348     2.010336 -0.001312324     21002.69
        7732    0.9986549     2.008344 -0.001297738     21006.29
        7734    0.9990883     2.005778 -0.001386204     21009.46
        7736    0.9989655     2.002642 -0.001364482     21012.52
        7738      0.99905     1.999246 -0.001254841     21015.75
        7740    0.9991755     1.997428  -0.00129327     21019.26
        7742    0.9989328     1.995739 -0.001405843     21023.11
        7744    0.9989998     1.992296 -0.001567919      21026.9
        7746    0.9990707     1.987999 -0.001620859     21031.01
        7748    0.9997402     1.984885 -0.001448422     21034.69
        7750    0.9995557     1.982772 -0.001388917     21037.82
        7752    0.9995938     1.980709 -0.001321506     21041.43
        7754     0.999903     1.976888 -0.001163965     21045.25
        7756    0.9999279     1.974313 -0.001486997     21048.89
        7758     1.000222      1.97346 -0.001685173     21052.01
        7760     1.000189     1.968813 -0.001759571     21055.55
        7762     1.000091     1.963407 -0.001730255     21058.16
        7764     1.000077     1.960236 -0.001493342     21060.69
        7766     1.000238     1.959618 -0.001678577        21063
        7768     1.000598     1.956866 -0.001851881     21065.03
        7770     1.000596     1.949978 -0.002264315     21066.86
        7772     1.000594     1.945421 -0.002243558     21067.96
        7774     1.000838     1.941504 -0.001823223     21069.13
        7776     1.000972     1.938917 -0.001518842     21068.44
        7778      1.00126     1.935392 -0.001296204     21065.44
        7780      1.00144      1.93327 -0.001080107      21056.5
        7782     1.002097     1.931134 -0.000939137     21028.79
        7784     1.006655     1.930277 -0.002439594     20795.73
        7786     1.006147     1.927879 -0.002253112     20289.92
        7788    0.9935957     1.913754 -0.001738477     19927.61
        7790    0.9958906     1.913109 -0.001875009     20238.01
        7792     1.001374     1.916369 -0.0004985516     21074.36
        7794      1.00223     1.912879 -0.0006976572     21118.42
        7796     1.002274     1.909765 -0.001192811     21128.14
        7798     1.002715     1.907528 -0.0009242887     21134.79
        7800     1.002632     1.906826 -0.0009343128     21139.27
        7802     1.002899     1.905485 -0.0009916074     21142.87
        7804     1.003017     1.902291 -0.001161744     21145.99
        7806     1.002953     1.899595 -0.001142649     21149.23
        7808     1.003017     1.897532 -0.001144159     21152.91
        7810     1.003116     1.896344 -0.001129081      21156.8
        7812      1.00305     1.893138 -0.001243982     21159.51
        7814     1.003288     1.890563 -0.001519728     21162.42
        7816     1.003473     1.887581 -0.001699712     21165.45
        7818     1.003272     1.884186 -0.001733014     21167.31
        7820     1.003578      1.87954 -0.001745781     21170.22
        7822     1.003945     1.876698 -0.001528828     21173.77
        7824     1.003916     1.873614 -0.001283232     21177.12
        7826     1.004002     1.871955 -0.001318556      21180.5
        7828     1.003949     1.869274 -0.001358225     21184.01
        7830     1.003798      1.86615 -0.001491888     21186.47
        7832     1.003969     1.862748 -0.001489889     21188.85
        7834     1.003803      1.86002 -0.001396418     21192.26
        7836     1.003589     1.857355 -0.001358687     21196.32
        7838     1.003802     1.854979 -0.001399637     21199.33
        7840     1.003771     1.851879 -0.001249956     21202.49
        7842     1.003894     1.848823 -0.001224601     21205.55
        7844     1.003987     1.847355 -0.001333005     21207.96
        7846     1.003693     1.845182 -0.001412557     21211.38
        7848     1.003982     1.841215 -0.001414472     21214.51
        7850     1.003791     1.837522 -0.001443617     21216.67
        7852     1.003896     1.836039 -0.001429362     21219.08
        7854     1.003907     1.833633 -0.001281966     21221.84
        7856     1.003826      1.82978 -0.001486777     21224.54
        7858     1.003992     1.827267  -0.00179377     21226.57
        7860     1.003993     1.824145  -0.00183952     21229.68
        7862     1.004063     1.819283 -0.001796625     21233.06
        7864     1.003941     1.815064  -0.00171076     21236.04
        7866       1.0041     1.812894 -0.001337135     21239.34
        7868     1.004355     1.810459 -0.001181926     21242.19
        7870     1.004429     1.808586 -0.001221769     21244.17
        7872     1.004633     1.805608 -0.001289055     21247.47
        7874     1.004823      1.80312 -0.001454574      21251.1
        7876     1.004812     1.800147 -0.001385359     21255.11
        7878     1.004812     1.796949 -0.001323041     21258.55
        7880     1.004883     1.794526 -0.001400949     21261.67
        7882     1.005421     1.792535  -0.00166265     21264.98
        7884     1.005517     1.788939 -0.002158994     21268.06
        7886      1.00552     1.783648 -0.002358344      21271.4
        7888     1.005266     1.777254 -0.002018706     21273.96
        7890     1.005413     1.773669 -0.001565196     21277.28
        7892      1.00573     1.772789 -0.001269521     21280.34
        7894     1.005932     1.771126 -0.001367675     21283.13
        7896      1.00582     1.767097 -0.001565159     21285.99
        7898     1.006004     1.762727  -0.00175235     21289.45
        7900      1.00613     1.760268  -0.00165937     21292.49
        7902     1.006328     1.757108 -0.001324208     21295.37
        7904     1.006366     1.753823  -0.00121022     21299.31
        7906     1.006328     1.752133 -0.001226423     21303.78
        7908     1.006454     1.750586  -0.00120306     21308.16
        7910     1.006598     1.747296 -0.001335739      21311.7
        7912     1.006931     1.744198 -0.001095674     21313.51
        7914     1.007916     1.741448 -0.001022872      21257.3
        7916     1.011267     1.741821 -0.001412929     21004.78
        7918     1.010594     1.739113 -0.001294279     20795.75
        7920     1.005093     1.732895 -0.001690552     21007.66
        7922      1.00606     1.731093  -0.00178141     21228.01
        7924     1.007105     1.728297 -0.001329755     21289.17
        7926      1.00728     1.724862 -0.001397994     21302.93
        7928     1.007597     1.722257 -0.001508366     21310.88
        7930     1.007684     1.719909 -0.001444391     21316.57
        7932     1.007866      1.71623 -0.001399418     21320.95
        7934     1.008189     1.713307 -0.001470842     21325.29
        7936     1.007955     1.711061 -0.001185558     21329.36
        7938     1.008045     1.708143 -0.001135295     21333.35
        7940     1.008104     1.706745 -0.001120212     21336.37
        7942     1.008072     1.704224 -0.001069024      21338.8
        7944     1.008097       1.7021 -0.001296359     21341.79
        7946      1.00804      1.69959 -0.001241626     21345.29
        7948     1.008032     1.696374 -0.001155357     21348.04
        7950      1.00805     1.694291 -0.001194852     21351.11
        7952     1.008157     1.692857 -0.001223677     21353.86
        7954     1.008244     1.690032  -0.00126317     21356.37
        7956     1.008027     1.686585 -0.001285457      21358.5
        7958      1.00812     1.684186  -0.00135529     21361.25
        7960     1.007925     1.682573 -0.001331029     21363.92
        7962     1.008063     1.679189 -0.001324545     21366.22
        7964     1.008267     1.675937 -0.001418366     21368.65
        7966     1.008395      1.67359 -0.001436811     21371.29
        7968     1.008302     1.671226 -0.001413832     21373.67
        7970     1.008191     1.667695  -0.00133665     21376.25
        7972     1.008264     1.664626 -0.001417756     21379.49
        7974     1.008113     1.662897 -0.001446647     21382.95
        7976     1.008098     1.659884 -0.001397249     21385.38
        7978     1.008169     1.656122 -0.001383545     21387.85
        7980     1.008048     1.653448 -0.001371557     21390.08
        7982     1.008111     1.651828 -0.001064439     21392.55
        7984      1.00819     1.648912 -0.0009887685     21395.81
        7986     1.008229     1.647606 -0.001261502     21398.63
        7988     1.008112     1.645538 -0.001324992     21401.19
        7990     1.007991     1.641736 -0.001443359     21403.46
        7992     1.008019     1.638312 -0.001576682     21405.29
        7994     1.008071     1.636059  -0.00141991     21406.73
        7996     1.008257     1.632924 -0.001351016     21409.41
        7998     1.008144     1.630377 -0.001414888     21410.78
        8000     1.007802     1.627504 -0.001426406     21412.63
        8002     1.007715      1.62474 -0.001447922        21415
        8004     1.007899     1.621513  -0.00135503     21417.45
        8006     1.007927     1.618793 -0.001476951     21419.85
        8008     1.007831     1.616663 -0.001265717     21422.27
        8010       1.0078     1.612925 -0.0009705182     21424.51
        8012     1.007749     1.611387 -0.001069068     21426.56
        8014     1.008004     1.611029 -0.001158961     21429.46
        8016     1.007974     1.608111 -0.001401524     21431.79
        8018     1.007887     1.603653 -0.001616456     21434.47
        8020     1.007741     1.600175 -0.001591876      21436.5
        8022     1.007441     1.598098 -0.001412959     21438.34
        8024     1.007468     1.595376 -0.001196485     21439.97
        8026     1.007575     1.592349 -0.001261383     21442.23
        8028     1.007494     1.590603 -0.001340436     21445.02
        8030     1.007388     1.588007 -0.001313659     21446.45
        8032     1.007402     1.584652 -0.001419564     21448.11
        8034     1.007345      1.58184  -0.00134028     21450.04
        8036     1.007431     1.579247 -0.001151858     21452.15
        8038     1.007227     1.577284 -0.001178541     21454.22
        8040     1.007044     1.575437 -0.001330983     21456.03
        8042     1.007022     1.572412 -0.001477588     21457.89
        8044     1.007072     1.568599 -0.001547527     21459.74
        8046      1.00709     1.565464  -0.00148463     21461.74
        8048     1.007096     1.563057 -0.001321262     21464.21
        8050     1.006623     1.560535 -0.001230613     21466.63
        8052     1.006705     1.558029 -0.001276615     21468.92
        8054     1.006843     1.555619  -0.00126354     21471.65
        8056     1.006528     1.552844   -0.0012657     21474.94
        8058     1.006538     1.550426 -0.001407112     21477.23
        8060     1.006519     1.547903 -0.001472766     21479.16
        8062     1.006325     1.544362 -0.001414373     21480.98
        8064     1.006127     1.541062 -0.001504515     21482.24
        8066     1.006179     1.539111 -0.001508294     21483.94
        8068     1.006082     1.535867 -0.001382181     21485.71
        8070     1.006208     1.532296 -0.001459333     21487.53
        8072     1.005919     1.530005 -0.001417177     21488.44
        8074      1.00564     1.527437 -0.001261379     21490.15
        8076      1.00568      1.52453 -0.001259639     21491.81
        8078      1.00577     1.522204 -0.001252301     21493.89
        8080     1.005582     1.519928 -0.001201665     21494.85
        8082     1.005205     1.517418 -0.001339867     21497.08
        8084        1.005     1.514916 -0.001338513     21498.76
        8086     1.004833     1.511486 -0.001316993     21499.61
        8088     1.004865     1.509219 -0.001345491     21501.22
        8090      1.00496     1.506882 -0.001262941     21503.59
        8092     1.004848     1.504153  -0.00117119     21505.31
        8094     1.004552     1.501382 -0.001141893     21507.07
        8096     1.004077      1.49985  -0.00108258     21509.31
        8098     1.004043     1.497747 -0.001099637     21511.64
        8100     1.004051     1.495492 -0.001197524      21512.7
        8102     1.003873     1.492585 -0.001219398     21513.55
        8104     1.003474      1.49027 -0.001220344     21514.93
        8106     1.003415     1.487992 -0.001199701     21516.45
        8108     1.003248     1.485729 -0.001157025     21518.56
        8110     1.003156     1.482987 -0.001155537     21520.72
        8112     1.003068     1.481014 -0.001407288     21522.12
        8114     1.002609     1.478748 -0.001397528     21523.32
        8116     1.002253     1.474471 -0.001332117     21525.01
        8118     1.002123     1.471807 -0.001265376      21526.8
        8120     1.002054     1.470357 -0.001111077     21528.09
        8122     1.001968     1.468625 -0.001159451     21528.73
        8124     1.001658     1.465582 -0.001355524     21529.83
        8126     1.001426     1.462531 -0.001372474     21531.13
        8128     1.001215     1.459512 -0.001267314     21531.92
        8130     1.001268     1.457645 -0.001239274     21532.75
        8132     1.001069     1.455444 -0.001144753      21532.5
        8134     1.000471     1.452617 -0.001149171     21533.22
        8136     1.000176     1.450354 -0.001177883     21535.23
        8138     1.000079     1.448451 -0.001210854     21537.35
        8140    0.9996609     1.446021  -0.00140692      21538.6
        8142    0.9994596      1.44293 -0.001536426     21539.62
        8144    0.9995026     1.439099 -0.001379028     21540.63
        8146    0.9994206      1.43616 -0.001214253     21541.51
        8148    0.9991402     1.434988 -0.001072823     21541.84
        8150    0.9986241     1.433216 -0.001037535      21543.1
        8152    0.9984467     1.430516 -0.001224707     21545.11
        8154    0.9982721      1.42786 -0.001298292     21546.08
        8156    0.9978768     1.425191  -0.00126689     21546.88
        8158    0.9974622      1.42283 -0.001267015     21547.98
        8160    0.9972347     1.420381 -0.001231808      21548.8
        8162    0.9969747     1.417724 -0.001290804      21549.3
        8164    0.9967303     1.415336 -0.001230554     21550.35
        8166    0.9966467     1.412504 -0.001254039     21551.92
        8168    0.9961731     1.410537 -0.001309144     21552.96
        8170    0.9957631     1.407691  -0.00119659     21554.32
        8172    0.9955242     1.404863 -0.001232278     21555.77
        8174    0.9955425     1.402931  -0.00118534     21557.49
        8176    0.9952123     1.400679  -0.00115479     21558.63
        8178    0.9949061     1.398209 -0.001250183     21558.82
        8180    0.9945767     1.395625 -0.001308481     21559.78
        8182    0.9941173     1.392929  -0.00132301     21560.63
        8184    0.9938444     1.390211 -0.001281492     21562.33
        8186    0.9937389     1.387624 -0.001295599     21564.31
        8188     0.993326     1.385373  -0.00121764     21565.41
        8190    0.9929157     1.382565 -0.001192766     21566.38
        8192    0.9925139      1.38047 -0.001298637     21568.27
        8194    0.9922889     1.378082 -0.001220013     21569.17
        8196    0.9920408     1.374984 -0.001297633     21569.97
        8198    0.9918075     1.372805 -0.001315334     21572.07
        8200    0.9914347     1.370089 -0.001202292     21572.89
        8202    0.9909002      1.36756 -0.001203724        21574
        8204    0.9905769     1.365365 -0.001208821     21575.18
        8206    0.9902293     1.363175 -0.001249051     21576.61
        8208    0.9902621     1.360418 -0.001279822     21577.68
        8210    0.9899028     1.357567 -0.001292811     21578.42
        8212    0.9892284     1.355127 -0.001262032        21579
        8214    0.9888022     1.352832 -0.001188303     21579.95
        8216    0.9884961     1.350322 -0.001182919     21581.28
        8218    0.9880207     1.348061 -0.001219469     21582.08
        8220    0.9877236     1.345664 -0.001199378     21582.92
        8222    0.9870807     1.343077 -0.001269274     21583.56
        8224    0.9863304     1.340727 -0.001335611     21584.66
        8226    0.9861367     1.337907 -0.001294112     21585.32
        8228    0.9858348     1.334979 -0.001293728     21585.44
        8230    0.9853479     1.332724 -0.001307578     21586.59
        8232    0.9849913     1.330377 -0.001239185     21587.39
        8234      0.98446     1.327446  -0.00123219     21588.32
        8236    0.9837678     1.325065 -0.001241649     21588.75
        8238    0.9831646     1.322866 -0.001155594     21589.35
        8240    0.9827108     1.320444 -0.001142833     21590.07
        8242    0.9825312     1.318201 -0.001119817     21591.27
        8244    0.9817478     1.315923 -0.001002513     21591.95
        8246     0.981149     1.313908 -0.001042114     21592.97
        8248    0.9805675     1.312424 -0.001200847     21593.21
        8250    0.9801621     1.309864 -0.001417755     21593.74
