# This file has been produced by extranormal (v 1.0.1 - February 23, 2017)
# O. Roudenko - Synchrotron SOLEIL. Covered by GPL licence.
#Data from HDF File: /nfs/ruche-rock/rock-soleil/com-rock/2021/Projets/20210209_Hilde/References/NiO_ref/Ni_ref_00029.nxs to Ni_ref_00227.nxs
#Time at start=2021-02-15 00:21:18.407
#Time from start (seconds)=500.636970085
#Sample temperature (C)=24.6
# Normalization -------------
# pivot spectrum: Pivot_Ni_10Ni-10Fe_50BN_RT_air_av2000_00001.txt
# E0=8333.0   Eshift=4.82655262135
# E0_pivot = 8333.0
# pre-edge params: from E0_pivot-182.0 to E0_pivot-50.0
# pre-edge range: [8151.0, 8283.0]
# post-edge params: from E0_pivot+100.0 to E0_pivot+640.0
# post-edge range: [8433.0, 8970.0]
# I jump at E0_pivot = 0.870552533856
# shifted energy	normalized	reference	ref.derivative	I0
        8150  0.000468766     1.380914  -0.00107715     21541.83
        8152  0.000468766     1.380914  -0.00107715     21541.83
        8154  0.000468766     1.380914  -0.00107715     21541.83
        8156  0.000468766     1.380914  -0.00107715     21541.83
        8158 0.0004215884     1.378747 -0.001167981     21542.73
        8160 0.0003796537     1.376138 -0.001245743     21543.74
        8162 0.0003889913     1.373411 -0.001263999     21544.66
        8164 0.0002743963     1.370948 -0.001268445     21545.47
        8166 0.0001404206     1.368635  -0.00125623     21546.15
        8168 0.0002225673      1.36599 -0.001248064     21547.14
        8170 0.0001751259     1.363362 -0.001256664     21548.47
        8172 6.453177e-05     1.360963 -0.001236724     21549.82
        8174 0.0001184488     1.358582 -0.001232315      21551.4
        8176 8.197183e-05     1.356096 -0.001244035      21552.6
        8178 8.240259e-05     1.353503 -0.001250177     21554.36
        8180 0.0001886842     1.351011 -0.001267228     21555.74
        8182 0.0002072541     1.348581 -0.001264486      21555.8
        8184 0.0001336228     1.345958 -0.001242352     21555.91
        8186 0.0001104335     1.343387 -0.001244111     21556.88
        8188 2.120536e-05     1.341072 -0.001219368     21558.66
        8190 -3.768932e-05     1.338628 -0.001221755     21560.26
        8192 -2.91967e-05     1.336203 -0.001251213     21561.16
        8194 2.460579e-05     1.333613 -0.001243744     21562.38
        8196 9.162594e-05     1.331062 -0.001230812     21563.86
        8198 3.084987e-05     1.328678  -0.00121736      21564.7
        8200 -3.344833e-05     1.326357 -0.001223427     21566.12
        8202  5.58356e-06     1.323874 -0.001219337     21567.54
        8204 -2.828864e-05     1.321275 -0.001228063      21569.2
        8206 -0.0001176442     1.318923 -0.001212752     21570.46
        8208 -0.0001798138     1.316532 -0.001206643     21571.39
        8210 -0.0002616073     1.314172 -0.001246047     21572.56
        8212 -0.0001663253     1.311622 -0.001231396     21573.48
        8214 -0.0001851701     1.308955  -0.00123306      21574.1
        8216 -0.0002255086     1.306681 -0.001225605      21574.9
        8218 -0.0002343581     1.304308  -0.00118887     21575.51
        8220 -0.0002641918     1.301817 -0.001234873     21576.23
        8222 -0.0002350847     1.299444 -0.001256834     21577.37
        8224 -0.0002193876     1.296802 -0.001237323     21578.55
        8226 -0.0002976735     1.294253 -0.001239273     21580.11
        8228 -0.0002490176     1.291918 -0.001208299     21581.46
        8230 -0.000237359      1.28953 -0.001180844     21581.15
        8232 -0.0003161337     1.287136  -0.00120268     21581.68
        8234 -0.0002741585     1.284806 -0.001202754     21582.68
        8236 -0.0001861915     1.282297 -0.001194379     21583.85
        8238 -0.0002742967     1.279908 -0.001190062     21584.71
        8240 -0.0002939759     1.277581 -0.001171862     21585.45
        8242 -0.000321469     1.275286 -0.001168166     21585.94
        8244 -0.0003645623     1.272922 -0.001149727     21586.44
        8246 -0.0003595628     1.270562 -0.001141206     21587.03
        8248 -0.0003652784     1.268383 -0.001147668     21587.74
        8250 -0.0003305895     1.266156 -0.001134316     21588.07
        8252 -0.0003091235     1.263741 -0.001142106      21588.3
        8254 -0.000282708     1.261488 -0.001158439     21588.83
        8256 -0.0002512015     1.259246 -0.001136802     21588.49
        8258 -0.0002445927     1.256889 -0.001123142     21588.55
        8260 -0.0002523415     1.254646  -0.00113086     21589.39
        8262 -0.0002670795     1.252503 -0.001106131     21589.66
        8264 -0.0003127658     1.250199 -0.001073278     21589.61
        8266 -0.0002385308      1.24804 -0.001094843     21590.16
        8268 -0.0001553932      1.24606 -0.001117758     21590.86
        8270 -0.0002007657     1.243744 -0.001129721      21590.9
        8272 -0.0001126249     1.241257 -0.001145043     21591.07
        8274 -0.0001011329     1.239002 -0.001108782     21591.14
        8276 -8.771928e-05       1.2369 -0.001067794     21590.77
        8278   5.4671e-05     1.234874  -0.00107093     21591.07
        8280 0.0001539503     1.232715 -0.001086379     21590.68
      8280.2 0.0001595051     1.232487 -0.001087648     21590.55
      8280.4 0.0001650598     1.232258 -0.001088916     21590.43
      8280.6 0.0001706145      1.23203 -0.001090184      21590.3
      8280.8 0.0001761693     1.231802 -0.001091453     21590.18
        8281   0.00018041     1.231574 -0.001094048     21590.05
      8281.2 0.0001844496     1.231346 -0.001096847     21589.93
      8281.4 0.0001884892     1.231118 -0.001099646     21589.81
      8281.6 0.0001925288      1.23089 -0.001102444     21589.69
      8281.8 0.0001965684     1.230662 -0.001105243     21589.57
        8282 0.0002006081     1.230434 -0.001108042     21589.45
      8282.2 0.0002046477     1.230206  -0.00111084     21589.32
      8282.4 0.0002086873     1.229979 -0.001113639      21589.2
      8282.6 0.0002127269     1.229751 -0.001116438     21589.08
      8282.8 0.0002167665     1.229523 -0.001119237     21588.96
        8283 0.0002270392     1.229303 -0.001118088     21588.88
      8283.2 0.0002382662     1.229084 -0.001116335     21588.81
      8283.4 0.0002494932     1.228865 -0.001114582     21588.74
      8283.6 0.0002607202     1.228646 -0.001112828     21588.67
      8283.8 0.0002719472     1.228427 -0.001111075      21588.6
        8284 0.0002831742     1.228209 -0.001109322     21588.53
      8284.2 0.0002944012      1.22799 -0.001107569     21588.46
      8284.4 0.0003056282     1.227771 -0.001105816     21588.39
      8284.6 0.0003168552     1.227552 -0.001104063     21588.32
      8284.8 0.0003280822     1.227333  -0.00110231     21588.25
        8285 0.0003324972     1.227138 -0.001049759     21588.27
      8285.2 0.0003394856     1.226948 -0.001013099     21588.21
      8285.4 0.0003320449     1.226802 -0.001071045     21588.18
      8285.6 0.0003148589     1.226535 -0.001035101     21587.85
      8285.8 0.0002978074     1.226281 -0.001068226     21587.57
        8286 0.0002776537      1.22612 -0.0009627708     21587.23
      8286.2 0.0003138578     1.225948 -0.0008814903     21587.26
      8286.4 0.0003315011     1.225765 -0.001001033     21587.05
      8286.6 0.0003428684     1.225576 -0.001016848     21586.92
      8286.8 0.0003293279     1.225319 -0.001070657     21586.64
        8287 0.0003133684     1.225134 -0.001092506     21586.26
      8287.2 0.0003336371     1.224909 -0.0009853357     21585.76
      8287.4 0.0003483826     1.224702 -0.0009265732     21585.29
      8287.6 0.0003843706     1.224531 -0.0009697326     21585.08
      8287.8 0.0003983469     1.224393  -0.00117577     21584.83
        8288 0.0004309499     1.224133  -0.00126845     21584.64
      8288.2 0.0004847247     1.223761  -0.00136044     21584.37
      8288.4 0.0005014646     1.223516 -0.001244343        21584
      8288.6  0.000521932     1.223305 -0.001040707      21583.8
      8288.8 0.0005457346     1.223137 -0.001046383     21583.52
        8289 0.0005801782     1.222929 -0.001171122     21583.27
      8289.2 0.0006235398     1.222679 -0.001311976     21583.25
      8289.4 0.0006509591     1.222368 -0.001366988     21583.19
      8289.6 0.0006810358     1.222088   -0.0012788     21583.12
      8289.8 0.0007141607     1.221835 -0.001077365      21582.7
        8290 0.0007542733     1.221656 -0.0009140214     21582.54
      8290.2 0.0007896153     1.221506 -0.0008792749     21582.49
      8290.4 0.0008116786     1.221357 -0.0008865545     21582.25
      8290.6 0.0008331697     1.221132 -0.0009436983        21582
      8290.8 0.0008585794     1.220946 -0.001002091     21581.64
        8291 0.0008870683     1.220751 -0.001031081     21581.27
      8291.2 0.0009249372     1.220555  -0.00111058     21581.09
      8291.4 0.0009385013     1.220307 -0.001238731     21580.72
      8291.6 0.0009488412     1.220058 -0.001190533     21580.39
      8291.8 0.0009384491      1.21976 -0.001164804      21579.8
        8292 0.0009276061     1.219603 -0.001133859     21579.11
      8292.2 0.0009184177     1.219375 -0.0009742413     21578.51
      8292.4 0.0008825114     1.219151 -0.0008823861     21577.58
      8292.6 0.0008875735      1.21898 -0.0007807509     21577.14
      8292.8 0.0008701304     1.218897 -0.000723469     21576.36
        8293 0.0008504766      1.21875 -0.0007334993     21575.76
      8293.2 0.0008118275     1.218572 -0.0008631652     21575.08
      8293.4 0.0008258142     1.218394 -0.0009443181     21574.46
      8293.6 0.0008327517     1.218206 -0.0008616728     21573.65
      8293.8 0.0008503273     1.217995 -0.0007814373     21572.87
        8294 0.0008743391     1.217883 -0.0007701851     21572.14
      8294.2  0.000887545     1.217769 -0.0007799315     21571.61
      8294.4 0.0009294461      1.21759 -0.0007908162     21571.13
      8294.6 0.0009746744     1.217371 -0.0008205761     21570.43
      8294.8  0.001005383      1.21725 -0.0009391926     21569.74
        8295  0.001032067     1.217112 -0.0009545086     21569.08
      8295.2  0.001072706     1.216839 -0.001057799     21568.28
      8295.4  0.001117876     1.216607 -0.001097772     21567.49
      8295.6   0.00115696     1.216404 -0.001018533     21566.73
      8295.8  0.001179327     1.216234 -0.0009477868     21565.65
        8296  0.001218613     1.216024 -0.0009333605     21564.96
      8296.2  0.001237137     1.215849 -0.001027551     21563.77
      8296.4  0.001244908     1.215657 -0.001061136     21562.66
      8296.6  0.001250164     1.215412 -0.001167132     21561.62
      8296.8  0.001247003     1.215175 -0.001252465      21560.3
        8297  0.001289478     1.214915 -0.001316252     21559.08
      8297.2  0.001319307     1.214655 -0.001241209     21557.72
      8297.4   0.00136221     1.214359 -0.001091094     21556.35
      8297.6  0.001420997     1.214182 -0.0009973772     21554.67
      8297.8  0.001480494     1.214043 -0.0009741954     21552.95
        8298   0.00157492     1.213857 -0.001073763     21551.19
      8298.2  0.001651753     1.213579   -0.0011453     21549.24
      8298.4  0.001725527     1.213323 -0.001083889     21547.02
      8298.6  0.001827156     1.213126 -0.0008822528     21544.68
      8298.8  0.001909817      1.21299 -0.0008431277     21541.97
        8299  0.001998008     1.212874 -0.0009496269     21539.04
      8299.2  0.002098149     1.212648 -0.001030988     21535.95
      8299.4  0.002197108     1.212367 -0.0009956102     21532.25
      8299.6  0.002312862     1.212165 -0.0006982265     21528.04
      8299.8  0.002421421     1.212077 -0.0004464712     21523.03
        8300  0.002546575      1.21209 -0.0003261493     21517.56
      8300.2  0.002688218     1.212009 -0.0003034707     21510.56
      8300.4  0.002854534     1.211904 -0.0004725738     21502.09
      8300.6  0.003048494     1.211834 -0.0005147731     21492.12
      8300.8  0.003238187     1.211712 -0.0005624747        21480
        8301  0.003432518     1.211598 -0.0007062175     21466.27
      8301.2  0.003578583     1.211454 -0.0008676874     21450.08
      8301.4  0.003671427     1.211269 -0.001090442     21431.64
      8301.6  0.003671404     1.211018 -0.001182379     21410.25
      8301.8   0.00358117     1.210725 -0.001142999     21387.14
        8302  0.003343536     1.210509 -0.001046754     21363.05
      8302.2  0.003025143     1.210355 -0.0008795857     21339.81
      8302.4  0.002637663      1.21018 -0.0006773375     21317.93
      8302.6  0.002222036     1.210022 -0.0005708722     21298.04
      8302.8  0.001864112     1.209967 -0.0003396659     21280.63
        8303  0.001654077     1.209898 -0.0001959209     21266.75
      8303.2   0.00158589     1.209908 -8.748062e-05     21255.15
      8303.4  0.001653122     1.209865 0.0001867519      21244.9
      8303.6  0.001847142     1.209897 0.0003963166     21235.15
      8303.8  0.002171207     1.210048  0.000705106     21224.93
        8304  0.002608861     1.210225  0.001152261     21213.37
      8304.2  0.003164801     1.210429  0.001493305     21199.71
      8304.4  0.003838823     1.210819  0.001871606     21182.61
      8304.6  0.004643814     1.211242  0.002365732     21160.51
      8304.8  0.005581081     1.211723  0.002739018      21132.3
        8305    0.0066182     1.212322  0.003134297     21095.67
      8305.2  0.007763574      1.21301  0.003529417      21047.8
      8305.4  0.008985942      1.21375  0.003533064     20986.05
      8305.6   0.01023527     1.214546  0.002913679     20907.42
      8305.8     0.011406     1.215148   0.00172146     20809.02
        8306   0.01239721     1.215341 -0.0003879464     20694.17
      8306.2   0.01303776     1.215127 -0.002976842     20563.93
      8306.4   0.01309609     1.214236 -0.005828775     20418.99
      8306.6   0.01235223     1.212766 -0.008537592     20261.09
      8306.8   0.01082888     1.210678  -0.01039868     20103.67
        8307  0.008577784     1.208297  -0.01127376     19957.32
      8307.2   0.00594038     1.205917  -0.01105336     19840.96
      8307.4  0.003185989     1.203747 -0.009880758     19755.68
      8307.6 0.0006339927     1.201835 -0.008049625     19705.55
      8307.8   -0.0013256     1.200392 -0.006153936     19697.89
        8308 -0.002282084     1.199477 -0.004492344     19731.81
      8308.2  -0.00234028     1.198824 -0.003237468     19795.68
      8308.4 -0.001624226     1.198241 -0.002623438     19881.99
      8308.6 -0.0004936748     1.197802  -0.00233003     19981.51
      8308.8 0.0007291857     1.197379 -0.001933324     20089.86
        8309  0.001786016      1.19696 -0.001500817      20202.4
      8309.2  0.002413631     1.196694 -0.0007960654     20313.35
      8309.4  0.002624585     1.196602 0.0002851333     20420.49
      8309.6  0.002566255     1.196742  0.001561681     20524.38
      8309.8  0.002342179     1.197188  0.002913898     20624.52
        8310  0.002158683     1.197944  0.004059931      20717.5
      8310.2  0.002144471     1.198933  0.004607272     20802.34
      8310.4  0.002320334      1.19999  0.004609053     20876.35
      8310.6   0.00271416     1.200874  0.004317861     20936.41
      8310.8  0.003259844     1.201631   0.00394184     20982.44
        8311  0.003893488     1.202387  0.003632234     21015.16
      8311.2  0.004566489     1.203143  0.003362007     21033.57
      8311.4  0.005159635      1.20378  0.003192148     21037.14
      8311.6  0.005711062     1.204321  0.003123353     21028.95
      8311.8  0.006275551     1.204941  0.003158871     21010.35
        8312  0.006988358     1.205642  0.003328706     20979.94
      8312.2  0.007747618     1.206307  0.003605296     20937.08
      8312.4  0.008463258     1.206984  0.003730515     20882.07
      8312.6  0.009116415     1.207825  0.003595674     20814.61
      8312.8  0.009709035     1.208626  0.003036267     20728.79
        8313   0.01018861     1.209184  0.001849923     20622.01
      8313.2   0.01052085     1.209413 5.795122e-05     20494.47
      8313.4   0.01068082     1.209305 -0.002342863     20356.02
      8313.6   0.01050925     1.208673 -0.005411281     20207.64
      8313.8  0.009888194     1.207309  -0.00852624     20053.56
        8314  0.008535576     1.205084   -0.0109106     19898.37
      8314.2  0.006572344     1.202484  -0.01205712     19764.13
      8314.4  0.004354452     1.199944  -0.01157072     19663.65
      8314.6  0.002206571     1.197664 -0.009993986     19606.07
      8314.8  0.000489204     1.195827 -0.007996812     19596.97
        8315 -0.0005676244     1.194489 -0.005930437     19630.32
      8315.2 -0.0009051345     1.193547 -0.004134985     19697.87
      8315.4 -0.0005761654     1.192919 -0.002803216     19792.42
      8315.6  0.000236103     1.192519 -0.002146114     19905.44
      8315.8  0.001281313     1.192246 -0.001862347     20028.66
        8316  0.002353501      1.19183  -0.00167607     20157.62
      8316.2  0.003227011     1.191429 -0.001409125     20288.14
      8316.4  0.003797154     1.191178 -0.0004984916     20419.45
      8316.6  0.004130361     1.191119 0.0008462221     20551.38
      8316.8  0.004259737     1.191431  0.002320511      20684.7
        8317  0.004321052     1.192106  0.003796566     20812.07
      8317.2  0.004384899     1.193035  0.004693269     20928.15
      8317.4  0.004468745     1.194156   0.00488177      21026.3
      8317.6  0.004527022     1.195186   0.00436705     21105.49
      8317.8  0.004591458     1.196012  0.003397833     21167.64
        8318  0.004612485     1.196528  0.002345674     21213.68
      8318.2  0.004620096     1.196874    0.0014583     21247.09
      8318.4  0.004634099     1.197062 0.0008677144     21272.17
      8318.6  0.004672106     1.197178 0.0005674121     21292.72
      8318.8  0.004741499     1.197222 0.0004108941     21310.46
        8319  0.004826576     1.197328 0.0002062293     21326.87
      8319.2  0.004939391     1.197391 0.0002484081      21342.2
      8319.4  0.005117661     1.197343 0.0002258797     21357.03
      8319.6  0.005328015     1.197421 0.0002915741     21370.89
      8319.8  0.005606253     1.197509 0.0003742956     21384.98
        8320  0.005919437     1.197624 0.0001814343     21399.27
      8320.2   0.00623124     1.197643 -4.717712e-06     21413.75
      8320.4   0.00655135     1.197566 -0.000174697     21428.42
      8320.6  0.006821749     1.197505 -0.0001296056     21443.04
      8320.8  0.007070208     1.197484 -2.256725e-05     21458.41
        8321  0.007253039     1.197539 0.0001492507     21474.35
      8321.2  0.007398161     1.197548 0.0003834949     21490.81
      8321.4  0.007500684     1.197625 0.0006131015     21507.57
      8321.6  0.007569469     1.197791 0.0008775982     21524.22
      8321.8    0.0076042      1.19803   0.00116598     21540.02
        8322  0.007637868      1.19825  0.001374811     21554.72
      8322.2  0.007698849     1.198557  0.001443541     21567.91
      8322.4  0.007765662     1.198891  0.001560865     21578.15
      8322.6  0.007872359     1.199185  0.001513042     21586.44
      8322.8  0.008000274     1.199499  0.001304723     21592.38
        8323  0.008127679     1.199768  0.001201882     21596.48
      8323.2  0.008284268     1.199935  0.001024148     21599.62
      8323.4  0.008450919     1.200146  0.001043116     21601.98
      8323.6  0.008636757     1.200318  0.001074912      21603.7
      8323.8   0.00880249     1.200602  0.001015408     21605.08
        8324  0.009001196     1.200795  0.001036554     21606.38
      8324.2  0.009187505     1.200958  0.000969999     21607.48
      8324.4  0.009373213     1.201148  0.001051633     21608.39
      8324.6  0.009560108     1.201378  0.001122029     21609.26
      8324.8  0.009756558     1.201636  0.001206781     21610.14
        8325  0.009943382     1.201856  0.001307958     21611.06
      8325.2   0.01012438     1.202113  0.001353393     21611.61
      8325.4   0.01031666     1.202425  0.001656894     21612.28
      8325.6    0.0105137     1.202719  0.001946263     21612.99
      8325.8    0.0107275     1.203181  0.002113236     21613.74
        8326   0.01093682      1.20367  0.002392131      21614.3
      8326.2   0.01114537     1.204115  0.002431506     21614.79
      8326.4   0.01135598     1.204632  0.002469632     21615.16
      8326.6   0.01158445     1.205127  0.002710496     21615.55
      8326.8   0.01184542     1.205646  0.002998321     21616.08
        8327   0.01209997     1.206284  0.003397917     21616.17
      8327.2   0.01238813     1.207031  0.003838425     21616.61
      8327.4   0.01269531     1.207845  0.004331344     21616.92
      8327.6    0.0129993     1.208716  0.004851687      21616.8
      8327.8   0.01335389     1.209749  0.005615864     21617.06
        8328   0.01371121     1.210912  0.006466594     21617.31
      8328.2    0.0140522     1.212338   0.00732955     21617.64
      8328.4   0.01443169      1.21389  0.008144582     21617.78
      8328.6   0.01482439     1.215612  0.008845803     21618.05
      8328.8   0.01521866     1.217428   0.01000404        21618
        8329   0.01564006     1.219414   0.01140003      21618.1
      8329.2   0.01606589     1.221893   0.01306386     21618.21
      8329.4   0.01652681     1.224733   0.01499564     21618.39
      8329.6   0.01701031     1.227879   0.01730025     21618.53
      8329.8   0.01755588     1.231411   0.02019675     21618.99
        8330   0.01809956     1.235733   0.02395003     21619.09
      8330.2   0.01873193      1.24089    0.0289217     21619.28
      8330.4   0.01943448     1.247039   0.03454632     21619.56
      8330.6   0.02020022     1.254548   0.04092504     21619.54
      8330.8   0.02107226      1.26337   0.04833872     21619.59
        8331   0.02207285      1.27363   0.05723975     21619.59
      8331.2    0.0231734      1.28571   0.06731419     21619.61
      8331.4   0.02447295      1.30034   0.07840007     21619.49
      8331.6   0.02597317     1.317222   0.08973837     21619.37
      8331.8   0.02767618      1.33635    0.1004453     21619.04
        8332   0.02957131     1.357501    0.1107547     21618.73
      8332.2   0.03166501     1.380696     0.119669     21618.18
      8332.4    0.0339099     1.405825    0.1269763     21617.65
      8332.6   0.03624461     1.432085    0.1323945     21617.21
      8332.8   0.03853946     1.459082    0.1356682     21616.48
        8333   0.04073325     1.486612    0.1371666      21615.6
      8333.2    0.0426609      1.51436    0.1367818     21614.49
      8333.4   0.04417589     1.541818    0.1342515     21613.28
      8333.6    0.0452527     1.568507    0.1302359     21612.18
      8333.8   0.04582578     1.594013    0.1253958     21610.92
        8334   0.04596112     1.618549    0.1201813     21609.95
      8334.2   0.04581611     1.642135    0.1150883     21608.69
      8334.4   0.04555331     1.664652    0.1085608     21607.34
      8334.6   0.04534194     1.686084    0.1011588     21605.93
      8334.8   0.04540267     1.705397   0.09321039     21604.53
        8335   0.04585088     1.723062    0.0852379     21603.64
      8335.2   0.04675212     1.739221   0.07835988     21602.57
      8335.4   0.04822485     1.754274   0.07192571     21601.56
      8335.6    0.0502563     1.768085   0.06539583     21601.06
      8335.8   0.05283885     1.780603   0.05907211     21600.34
        8336   0.05592744     1.791537   0.05347254     21599.81
      8336.2   0.05956932     1.801532   0.04901396     21599.67
      8336.4   0.06372965     1.810863   0.04589564     21599.48
      8336.6   0.06853988     1.819814   0.04382451      21599.6
      8336.8   0.07381693     1.828254   0.04246601     21599.86
        8337   0.07943511     1.836591   0.04194501     21600.01
      8337.2   0.08531656     1.844836   0.04257863     21599.95
      8337.4   0.09143385      1.85337   0.04395883     21600.24
      8337.6   0.09773128     1.862317   0.04644855     21600.37
      8337.8    0.1042193     1.871758   0.04945142     21600.44
        8338     0.111014     1.881995   0.05297553     21600.34
      8338.2    0.1182417     1.892931   0.05694406      21600.2
      8338.4    0.1260088     1.904697    0.0604573      21599.9
      8338.6    0.1345192     1.917314   0.06360067     21599.65
      8338.8    0.1438901     1.930361   0.06604096     21599.37
        8339     0.154321     1.943812   0.06739203     21599.11
      8339.2    0.1659585      1.95753   0.06840305      21598.6
      8339.4    0.1794141     1.971227   0.06841412     21598.17
      8339.6    0.1944865     1.985083   0.06707241     21597.65
      8339.8    0.2110633     1.998543   0.06530447     21597.14
        8340     0.228805     2.011188   0.06299173     21596.76
      8340.2    0.2479049     2.023471   0.06102702     21596.21
      8340.4    0.2683614     2.035476   0.05982904     21595.65
      8340.6    0.2902644     2.047364   0.05868945     21595.16
      8340.8     0.312986     2.059051   0.05726292     21594.79
        8341    0.3354758     2.070422   0.05642059      21594.4
      8341.2    0.3574408     2.081287   0.05764392     21594.26
      8341.4    0.3794445     2.092501   0.06053818     21594.04
      8341.6    0.4015204     2.105166     0.065415     21593.77
      8341.8    0.4233772     2.118853   0.07055496     21593.86
        8342    0.4448332     2.133619   0.07461384     21593.96
      8342.2     0.465566     2.148945   0.07886653     21593.84
      8342.4    0.4859784     2.164857   0.08413922     21593.79
      8342.6    0.5061744     2.181946   0.09009117     21593.37
      8342.8    0.5269822      2.20093   0.09609341     21593.15
        8343    0.5480011     2.221018    0.1019823     21592.89
      8343.2    0.5693659     2.241732     0.106027     21592.67
      8343.4    0.5909942     2.263532    0.1098022     21592.43
      8343.6    0.6136184     2.285752    0.1137082     21591.98
      8343.8    0.6373657      2.30886    0.1170096     21591.57
        8344    0.6623236     2.332699    0.1207506     21591.07
      8344.2    0.6891191      2.35714    0.1235939     21591.01
      8344.4    0.7177812     2.382352    0.1253354      21590.8
      8344.6    0.7483113     2.407735    0.1256585      21590.8
      8344.8    0.7810821     2.432967    0.1247374     21590.64
        8345    0.8147452     2.457667    0.1229828      21590.7
      8345.2    0.8491441     2.482142    0.1212552     21590.79
      8345.4    0.8839225     2.506121    0.1195669     21590.63
      8345.6    0.9190299     2.529971    0.1178204      21590.7
      8345.8    0.9534285      2.55332    0.1161204     21590.54
        8346    0.9864613     2.576398      0.11514     21590.56
      8346.2     1.016445     2.599017    0.1135915     21590.44
      8346.4     1.044251     2.622083    0.1118461      21590.3
      8346.6     1.070047     2.644193    0.1112142     21590.35
      8346.8     1.094697     2.665875    0.1087118     21589.91
        8347     1.117934     2.687989    0.1058286     21589.44
      8347.2     1.139995     2.709053    0.1015651     21589.25
      8347.4     1.160769     2.728856   0.09510226     21588.65
      8347.6     1.181238     2.747127    0.0884389     21588.22
      8347.8      1.20205      2.76407   0.08102638     21587.89
        8348     1.223514     2.779804   0.07277592      21587.3
      8348.2     1.245077     2.793677   0.06292851     21586.97
      8348.4     1.266802     2.805348    0.0518633     21586.41
      8348.6     1.288704     2.814413   0.04098365     21585.68
      8348.8     1.310724     2.821294    0.0304394     21585.08
        8349     1.332574     2.826464   0.02028598     21584.05
      8349.2     1.353859       2.8297   0.01080271     21583.14
      8349.4     1.373915     2.830642     0.001713     21582.21
      8349.6     1.392167     2.829937 -0.006394407     21580.99
      8349.8      1.40806     2.827835  -0.01462732     21579.48
        8350     1.421155     2.824584  -0.02116951     21578.21
      8350.2     1.430364      2.81894  -0.02730678      21576.8
      8350.4     1.435581     2.813001  -0.03058478     21575.25
      8350.6     1.436961     2.805989  -0.03157169     21573.64
      8350.8     1.434251     2.800116  -0.03111459     21571.93
        8351     1.427548     2.793683  -0.02923727      21570.2
      8351.2     1.417818     2.788109  -0.02808274      21568.5
      8351.4     1.405581     2.782599  -0.02512657     21566.87
      8351.6     1.391147      2.77765  -0.02295755     21565.12
      8351.8     1.374679     2.773582  -0.01943045     21563.44
        8352     1.356674     2.769743  -0.01812382     21561.66
      8352.2     1.337439     2.767055    -0.016467     21559.82
      8352.4     1.317939     2.763151  -0.01428297     21558.18
      8352.6     1.298182     2.760408   -0.0126534     21556.63
      8352.8     1.278088     2.758317 -0.008685479     21555.26
        8353     1.257409     2.756932 -0.004770744     21553.86
      8353.2     1.236858     2.756203 -0.001176191     21552.34
      8353.4     1.216726     2.756591  0.003210915     21550.98
      8353.6      1.19773     2.757376  0.008754749     21549.98
      8353.8     1.179726     2.759501   0.01483981     21549.19
        8354     1.162695     2.763206   0.02091942     21548.95
      8354.2      1.14634     2.768463   0.02588854     21548.45
      8354.4     1.131396     2.774111   0.02784487     21548.24
      8354.6     1.117737     2.780212   0.02889122     21548.29
      8354.8     1.105374     2.785482   0.03127592     21548.55
        8355     1.094134     2.791576   0.03276079     21548.92
      8355.2     1.083841     2.799132   0.03571602     21549.37
      8355.4     1.074345     2.806421   0.03716149     21550.09
      8355.6      1.06543     2.814055   0.03700539     21550.63
      8355.8     1.056828     2.821305   0.03653448     21551.11
        8356     1.048359     2.828736   0.03598836     21551.58
      8356.2     1.039741     2.835648   0.03462814     21552.16
      8356.4     1.031077     2.842846   0.03336039     21552.62
      8356.6     1.022136     2.849008   0.03034684     21553.29
      8356.8     1.012789     2.855425    0.0258158     21553.93
        8357     1.002638     2.859926   0.02283552     21554.47
      8357.2     0.991782     2.863498   0.01889261     21554.81
      8357.4    0.9803045     2.867276   0.01646026     21555.09
      8357.6    0.9687391     2.870539   0.01414451     21555.57
      8357.8    0.9567263     2.873094   0.01085991     21555.82
        8358    0.9442918     2.874814  0.006140568     21555.87
      8358.2    0.9313314     2.875964  0.001450758     21556.14
      8358.4    0.9182082     2.875451 -0.002866429     21555.94
      8358.6    0.9053202     2.874254 -0.004642922     21555.71
      8358.8    0.8929322     2.872521 -0.006405713     21555.88
        8359    0.8810853      2.87225 -0.008363312     21555.76
      8359.2    0.8695527     2.870327 -0.009986351     21555.93
      8359.4    0.8584492     2.867564  -0.01323895     21555.94
      8359.6    0.8482031     2.864532  -0.01427068     21556.17
      8359.8    0.8390213     2.861659  -0.01527423     21556.31
        8360    0.8307494      2.85891   -0.0156299     21556.44
      8360.2    0.8234579     2.855344  -0.01565841     21556.72
      8360.4    0.8171969     2.852028  -0.01576473     21557.12
      8360.6     0.811908     2.849132  -0.01489917     21557.28
      8360.8    0.8076295     2.846298  -0.01431308     21557.81
        8361    0.8043929     2.843425  -0.01392336        21558
      8361.2    0.8021235     2.840577  -0.01330136     21558.41
      8361.4    0.8007782     2.837993  -0.01294468     21558.62
      8361.6    0.8004712     2.835657  -0.01283061     21559.01
      8361.8    0.8011423     2.833069  -0.01374281     21559.41
        8362    0.8027075     2.830313  -0.01396999     21559.71
      8362.2    0.8052723     2.826999  -0.01367723     21559.86
      8362.4    0.8088222     2.824481  -0.01405763     21560.26
      8362.6    0.8131794     2.822128  -0.01456215     21560.46
      8362.8     0.818269     2.819067  -0.01609272     21560.44
        8363    0.8241128     2.815349  -0.01780495     21560.61
      8363.2    0.8307799     2.811607  -0.01993693     21560.92
      8363.4     0.838166     2.807884  -0.02081005     21561.25
      8363.6    0.8460478     2.803117  -0.02171529     21561.48
      8363.8      0.85411     2.798701  -0.02339743      21561.6
        8364    0.8623413     2.794235  -0.02408224     21561.86
      8364.2    0.8706841     2.789166  -0.02529569      21562.2
      8364.4    0.8792523     2.783852   -0.0258288      21562.7
      8364.6    0.8875815     2.778465  -0.02665282     21562.97
      8364.8    0.8955172     2.773572  -0.02714835     21563.33
        8365    0.9027337     2.767843  -0.02636156     21563.61
      8365.2     0.909227     2.762133  -0.02644865      21563.8
      8365.4     0.915024     2.757375  -0.02476917     21564.12
      8365.6    0.9200796     2.752413  -0.02247411     21564.74
      8365.8    0.9241858     2.748028  -0.02070729     21565.09
        8366    0.9274477     2.744154  -0.01872504     21565.46
      8366.2    0.9298502      2.74081  -0.01678921     21566.03
      8366.4    0.9313785     2.737433  -0.01478774     21566.24
      8366.6    0.9321392     2.734597   -0.0139905     21566.48
      8366.8    0.9321607     2.732323  -0.01261801     21566.75
        8367    0.9315045     2.729617  -0.01154629     21567.02
      8367.2     0.930236     2.727339  -0.01039922     21567.42
      8367.4    0.9284268      2.72536  -0.00948052     21567.54
      8367.6     0.926077     2.724004 -0.009108104      21567.7
      8367.8    0.9233406     2.722033 -0.008481131     21567.91
        8368    0.9202855     2.720052  -0.00878715      21568.3
      8368.2    0.9169503     2.718575 -0.008046784     21568.25
      8368.4    0.9132988     2.716974 -0.006264336     21568.48
      8368.6    0.9094816     2.715595 -0.004149982     21568.67
      8368.8    0.9056285     2.715041 -0.002307838     21569.19
        8369    0.9018828     2.715255 -0.0008643451     21569.58
      8369.2    0.8981545     2.715128 -0.0003350925     21569.93
      8369.4    0.8944985     2.714904 -0.0004581665     21570.11
      8369.6    0.8909367     2.714773 -0.0003384052     21570.73
      8369.8    0.8875286     2.714888 -0.0002944642     21570.88
        8370    0.8843169     2.714857 0.0005059566      21570.8
      8370.2    0.8814436     2.714668  0.001844992      21571.1
      8370.4    0.8787634     2.715177  0.003627265     21571.49
      8370.6    0.8762304     2.716364  0.005683571     21571.68
      8370.8    0.8738025     2.717759  0.006855723     21571.82
        8371    0.8715861     2.719215   0.00716334      21572.1
      8371.2    0.8695131     2.720662  0.007936338     21572.25
      8371.4    0.8675152     2.722095   0.00874247     21572.22
      8371.6    0.8655211     2.724108  0.009822423     21572.28
      8371.8     0.863546     2.726209   0.01046514     21572.34
        8372    0.8615771      2.72852    0.0111118      21572.4
      8372.2    0.8595901     2.730467   0.01239246     21572.32
      8372.4     0.857525     2.732998   0.01305106     21572.44
      8372.6     0.855359     2.736123   0.01492368     21572.49
      8372.8    0.8530924     2.738961   0.01612091     21572.57
        8373    0.8508197     2.742406   0.01652624     21572.55
      8373.2    0.8484876     2.745894   0.01874862     21572.67
      8373.4    0.8460876     2.749344   0.01996843     21572.75
      8373.6    0.8435915      2.75396    0.0207486     21572.64
      8373.8    0.8410253     2.758381   0.02181951     21572.65
        8374    0.8385103     2.762493   0.02175909     21572.88
      8374.2    0.8360368       2.7668   0.02254881     21573.01
      8374.4    0.8336044     2.771367   0.02385127     21573.05
      8374.6    0.8312004      2.77642    0.0248056     21573.34
      8374.8    0.8288276     2.781574   0.02547859     21573.57
        8375    0.8265286     2.786644   0.02466748     21573.69
      8375.2    0.8244122      2.79175   0.02466041     21573.81
      8375.4    0.8224529     2.796154   0.02626587     21574.09
      8375.6    0.8206459     2.801303   0.02732747     21574.42
      8375.8    0.8189261     2.807657   0.02871335      21574.6
        8376     0.817379     2.813612   0.02864321      21574.9
      8376.2    0.8159886     2.819124   0.02743387     21575.24
      8376.4    0.8148576     2.824217   0.02842621     21575.48
      8376.6    0.8139506     2.829604   0.02972441     21575.77
      8376.8    0.8132435     2.836353   0.03140828     21575.82
        8377    0.8127689     2.842904   0.03187553     21576.04
      8377.2    0.8125475     2.849344   0.03069681      21576.3
      8377.4    0.8125358     2.855104   0.02961955     21576.39
      8377.6    0.8127646      2.86091   0.02865364     21576.45
      8377.8    0.8132356       2.8666   0.02881589     21576.47
        8378    0.8139264     2.872267    0.0287458     21576.59
      8378.2    0.8148401     2.878157   0.02851043     21576.82
      8378.4    0.8159727     2.883907   0.02739364     21576.87
      8378.6    0.8173509     2.889408   0.02637166     21576.97
      8378.8    0.8189388     2.894182   0.02506756     21577.02
        8379     0.820743     2.899254   0.02472228     21577.12
      8379.2     0.822744     2.903961   0.02465381     21577.27
      8379.4    0.8249186     2.909186   0.02458683     21577.38
      8379.6    0.8272157     2.913905   0.02399248     21577.52
      8379.8    0.8297426     2.918924   0.02230024     21577.57
        8380     0.832414     2.923155   0.02095976      21577.7
      8380.2     0.835248     2.927026   0.01935543     21578.16
      8380.4    0.8380871     2.930672   0.01858539     21578.46
      8380.6    0.8409895     2.934408    0.0168755     21578.73
      8380.8    0.8439327     2.938023   0.01555821     21579.06
        8381    0.8470296     2.940526   0.01402669     21579.29
      8381.2     0.850178     2.943119   0.01191144     21579.41
      8381.4    0.8533059      2.94563   0.01020725     21579.01
      8381.6    0.8564087     2.947552  0.007337497      21579.2
      8381.8    0.8594671     2.948692  0.003725003     21579.26
        8382    0.8625162     2.948989 0.0009396054     21578.92
      8382.2    0.8656233      2.94861 -0.001038014     21578.95
      8382.4      0.86865     2.948304 -0.001184849     21578.71
      8382.6     0.871572     2.947862 -0.0004187707      21578.5
      8382.8    0.8744081     2.948041 -0.001573403     21578.35
        8383    0.8771504     2.948275 -0.004286564     21578.03
      8383.2    0.8797838     2.947045 -0.008006764     21578.04
      8383.4    0.8823116     2.944432  -0.01087475     21577.95
      8383.6    0.8846869     2.941636  -0.01227753     21577.72
      8383.8    0.8869584     2.939575  -0.01298145     21577.57
        8384    0.8891162     2.937223  -0.01432678     21577.31
      8384.2    0.8912335     2.934047  -0.01677759     21577.25
      8384.4    0.8931575     2.930174  -0.01767709        21577
      8384.6    0.8949809     2.926153   -0.0187645     21576.62
      8384.8    0.8967067     2.923081  -0.01990333     21576.45
        8385    0.8983987     2.919036   -0.0212741     21576.01
      8385.2      0.90002     2.914252  -0.02338651      21575.6
      8385.4    0.9015885     2.909133  -0.02509009     21574.95
      8385.6    0.9031359     2.904372  -0.02568019      21574.8
      8385.8     0.904646     2.898964  -0.02528123     21574.47
        8386    0.9061923     2.893707  -0.02639459     21574.19
      8386.2    0.9078402     2.888909  -0.02708089     21574.05
      8386.4     0.909589     2.883257  -0.02693962     21573.85
      8386.6    0.9113905     2.877299  -0.02817435     21573.59
      8386.8    0.9132951     2.872156  -0.02764041     21573.25
        8387    0.9153981     2.866369  -0.02790747     21573.24
      8387.2     0.917723     2.861144  -0.02942476     21572.88
      8387.4    0.9202699     2.854973  -0.02940346     21572.62
      8387.6     0.923078     2.848616  -0.02993296     21572.25
      8387.8    0.9260856     2.842846  -0.02862138     21572.01
        8388    0.9292567     2.837198  -0.02699662     21571.58
      8388.2    0.9326802     2.832076  -0.02583653     21571.26
      8388.4    0.9364305     2.827019  -0.02544722      21570.9
      8388.6    0.9404286     2.822177  -0.02642911     21570.69
      8388.8    0.9446356      2.81684  -0.02655731     21570.42
        8389    0.9489932     2.810933  -0.02652649     21570.26
      8389.2    0.9535378     2.805773  -0.02732133     21570.01
      8389.4    0.9582802     2.800956  -0.02633324     21570.13
      8389.6    0.9631115     2.794983    -0.026596        21570
      8389.8    0.9680499     2.789866  -0.02644495     21569.67
        8390    0.9730665     2.784496  -0.02411685     21569.31
      8390.2    0.9782125       2.7798  -0.02297741     21569.17
      8390.4    0.9833816      2.77569  -0.02292707     21568.97
      8390.6    0.9886217     2.771484  -0.02279437     21568.92
      8390.8    0.9937957     2.766154  -0.02378175     21568.88
        8391    0.9989233     2.761564  -0.02537239     21568.47
      8391.2     1.004064     2.756664  -0.02308661     21567.93
      8391.4     1.009256     2.751186  -0.02160028     21567.72
      8391.6     1.014462     2.747685   -0.0207023     21567.43
      8391.8     1.019484     2.744284  -0.01788559     21567.22
        8392     1.024324     2.740102  -0.01818551     21566.97
      8392.2     1.029081     2.736878  -0.01878655     21566.93
      8392.4     1.033846     2.733137   -0.0190123     21566.96
      8392.6     1.038526     2.729255  -0.01893339     21567.13
      8392.8     1.043107     2.724893  -0.01755038     21567.29
        8393     1.047427     2.721731  -0.01622661     21567.27
      8393.2      1.05155     2.719096  -0.01508843     21567.33
      8393.4     1.055534     2.716274  -0.01612203     21567.07
      8393.6     1.059468     2.712822  -0.01680151     21567.34
      8393.8     1.063174     2.708833  -0.01646342     21567.35
        8394     1.066662     2.705655  -0.01399754     21567.48
      8394.2     1.069973     2.703103  -0.01033373     21567.65
      8394.4      1.07305     2.701624 -0.008517465     21567.61
      8394.6     1.075948     2.700566 -0.007573224     21567.57
      8394.8     1.078647     2.698841 -0.007762479     21567.39
        8395     1.081182     2.697044 -0.008047734     21567.34
      8395.2     1.083613     2.695414 -0.006309294     21567.34
      8395.4     1.085951     2.694128 -0.004789836     21567.37
      8395.6     1.088191     2.693794 -0.003938359     21567.45
      8395.8     1.090356     2.693212 -0.002998133     21567.51
        8396     1.092436     2.692263 -0.003696986     21567.68
      8396.2     1.094418      2.69173 -0.003756698      21567.5
      8396.4     1.096339     2.690836 -0.002993482      21567.3
      8396.6     1.098225     2.690207 -0.002746132     21567.17
      8396.8     1.100082     2.689868 -0.002024318     21567.21
        8397      1.10186     2.689533 -0.001314887     21567.19
      8397.2     1.103546     2.689217 -0.0003378724        21567
      8397.4     1.105173     2.689155 -3.808195e-05     21566.83
      8397.6      1.10679     2.689598 6.260049e-05     21566.58
      8397.8     1.108398     2.689502  -0.00124807     21566.52
        8398      1.10994     2.689267 -0.002155269     21566.38
      8398.2      1.11139     2.688157 -0.003026407     21566.36
      8398.4      1.11272     2.687874 -0.002732787     21566.12
      8398.6     1.114046     2.687081 -0.001778084     21566.17
      8398.8      1.11529     2.687081 -0.001296607     21566.11
        8399     1.116438     2.686734 -0.001637298      21566.2
      8399.2     1.117465     2.686836 -0.002856307      21566.2
      8399.4     1.118375     2.685771 -0.004028822     21566.13
      8399.6      1.11911     2.684795  -0.00518255     21565.83
      8399.8     1.119726     2.683511 -0.004043743     21565.65
        8400     1.120222      2.68269 -0.004027526     21565.72
      8400.2     1.120471     2.682536 -0.003291148      21565.8
      8400.4     1.120528     2.681573 -0.004469673     21565.89
      8400.6     1.120337     2.680878 -0.005744068     21565.71
      8400.8     1.119913     2.679115 -0.005546013     21565.67
        8401     1.119271     2.677941 -0.005349419     21565.43
      8401.2     1.118421     2.677137 -0.004554868     21565.29
      8401.4     1.117348     2.676599 -0.005822512     21565.47
      8401.6      1.11604     2.675471 -0.006243399     21565.55
      8401.8     1.114541     2.673283 -0.005999764     21565.65
        8402     1.112764     2.672142 -0.005523512     21565.47
      8402.2     1.110804     2.671799  -0.00465192     21565.32
      8402.4     1.108708     2.671052 -0.004187047      21565.4
      8402.6     1.106453     2.669561 -0.004890417     21565.52
      8402.8     1.103974     2.668792 -0.005049353     21565.53
        8403     1.101293     2.667887 -0.003675865     21565.56
      8403.2     1.098498     2.667013 -0.003563474     21565.75
      8403.4      1.09567     2.666621 -0.002166491     21565.91
      8403.6     1.092789     2.665942 -0.001444616      21566.2
      8403.8     1.089867     2.666153 -0.0002058289     21566.58
        8404     1.086677     2.665857 0.0006113437     21566.65
      8404.2     1.083453     2.666456  0.001384445     21566.58
      8404.4      1.08023     2.666431  0.002785329     21566.72
      8404.6     1.077054     2.667261  0.002948373     21566.91
      8404.8     1.073878     2.668085  0.004293289     21566.95
        8405     1.070654     2.668815  0.003118396     21566.99
      8405.2     1.067319     2.669865  0.002682013        21567
      8405.4     1.064037     2.669756  0.002473425     21567.02
      8405.6     1.060795     2.670231   0.00246647     21567.17
      8405.8     1.057597     2.670794  0.003533175     21567.16
        8406      1.05439     2.671838  0.004528365     21567.01
      8406.2      1.05122     2.672582  0.004591081     21567.03
      8406.4     1.048049     2.673853   0.00447573     21566.86
      8406.6     1.044899     2.674466  0.005040322     21566.88
      8406.8     1.041721     2.675419  0.005189173     21566.95
        8407     1.038537     2.676614  0.005763734     21567.13
      8407.2     1.035326     2.678005  0.006509518     21567.14
      8407.4     1.032194     2.679077  0.006072675     21567.08
      8407.6     1.029049     2.680627  0.005631867      21567.1
      8407.8     1.025878     2.681473  0.006031886      21567.3
        8408      1.02263      2.68251  0.005621889     21567.48
      8408.2     1.019362     2.683903  0.006930914      21567.4
      8408.4     1.016101     2.685124  0.007940657     21567.53
      8408.6     1.012956     2.687017    0.0076509     21567.53
      8408.8     1.009831     2.688863  0.007647308     21567.66
        8409     1.006732     2.690024  0.006345703     21567.82
      8409.2     1.003578     2.691242  0.005536607      21567.7
      8409.4     1.000476     2.692094  0.004542956     21567.81
      8409.6    0.9973891     2.693292  0.004682789     21568.08
      8409.8    0.9944959     2.693658  0.005914867     21568.28
        8410    0.9916538     2.694988  0.006311258     21568.55
      8410.2    0.9888342     2.696826  0.006620874     21568.83
      8410.4    0.9859785     2.698341  0.005654523     21569.08
      8410.6     0.983177     2.698955  0.005163417     21569.12
      8410.8    0.9805061     2.699512  0.004142272     21569.24
        8411    0.9779335     2.700957  0.004209953     21569.27
      8411.2    0.9754555     2.701655  0.004679453     21569.38
      8411.4    0.9729646     2.702323  0.005087542     21569.55
      8411.6    0.9705014     2.703255  0.005990775     21569.58
      8411.8    0.9680992     2.705027  0.006357459     21569.75
        8412    0.9657547     2.706447  0.005762139     21569.59
      8412.2    0.9634613     2.707409  0.004698873     21569.63
      8412.4    0.9611373     2.707865  0.004287509     21569.59
      8412.6    0.9588934     2.708786  0.004616414     21569.65
      8412.8     0.956617     2.709877  0.005387562     21569.54
        8413    0.9543847     2.711102  0.006657044     21569.43
      8413.2    0.9521302     2.712175  0.007851874     21569.35
      8413.4    0.9498532     2.714111  0.008409131     21569.42
      8413.6    0.9475916     2.716159  0.008614529     21569.55
      8413.8    0.9453734     2.717829   0.00790946     21569.68
        8414    0.9431635     2.719067  0.007399275     21569.68
      8414.2    0.9409581     2.720439   0.00645259     21569.69
      8414.4    0.9387193     2.722078  0.007342639     21569.81
      8414.6    0.9364729     2.722991  0.008325953     21569.78
      8414.8    0.9342518     2.724941  0.008871911      21569.9
        8415    0.9320993       2.7271   0.01086275     21569.72
      8415.2    0.9300019     2.729176   0.01140267     21569.84
      8415.4    0.9278844     2.731681   0.01128048     21569.78
      8415.6    0.9257424     2.734063   0.01164704     21569.74
      8415.8      0.92364     2.736124   0.01180234     21569.75
        8416    0.9216743     2.738494   0.01133363      21569.8
      8416.2    0.9198123     2.741123   0.01050904     21569.67
      8416.4    0.9180042      2.74313   0.01045066     21569.79
      8416.6    0.9162501     2.744531  0.009781708     21570.12
      8416.8    0.9145252     2.746854   0.01031262     21570.17
        8417    0.9128837     2.748949   0.01120648     21570.35
      8417.2    0.9113628      2.75138    0.0114692      21570.8
      8417.4    0.9099171     2.753496   0.01198447     21571.13
      8417.6    0.9085183     2.756029    0.0106355     21571.29
      8417.8    0.9071901     2.758536    0.0100826     21571.37
        8418    0.9059512     2.759888  0.009677982     21571.46
      8418.2    0.9048229     2.761563    0.0089959      21571.4
      8418.4    0.9037347     2.763772  0.009503153     21571.39
      8418.6     0.902709     2.765733  0.009605975     21571.27
      8418.8    0.9017363     2.767491  0.008957191     21571.14
        8419    0.9008809     2.769247  0.008401296     21571.31
      8419.2    0.9000728     2.770938   0.00847399     21571.19
      8419.4    0.8993344     2.772454  0.008687851     21571.35
      8419.6    0.8986027      2.77427  0.009611859     21571.42
      8419.8    0.8979979     2.776198   0.01066514     21571.43
        8420    0.8974837     2.778627   0.01143742     21571.62
      8420.2     0.897042     2.780986   0.01116846     21571.89
      8420.4    0.8966585      2.78342   0.01102356     21572.09
      8420.6    0.8963663     2.785132   0.01117744     21572.26
      8420.8    0.8961341     2.787446  0.009971685      21572.3
        8421    0.8959651     2.789928  0.009901314     21572.42
      8421.2    0.8958925     2.791397  0.009083785     21572.54
      8421.4    0.8958835     2.793053  0.008643809     21572.61
      8421.6    0.8959653     2.794713   0.01045787     21572.62
      8421.8    0.8961183     2.796843   0.01129493     21572.61
        8422    0.8963462     2.799764   0.01234589     21572.43
      8422.2    0.8966808     2.802089   0.01245258     21572.56
      8422.4    0.8970996      2.80459   0.01052633     21572.33
      8422.6    0.8975929     2.806805   0.01044969     21572.26
      8422.8     0.898111     2.808185   0.01041039     21572.09
        8423    0.8987698     2.810449   0.01102931     21572.12
      8423.2    0.8994826     2.812918    0.0126423     21572.07
      8423.4    0.9002874     2.815629   0.01339053     21572.13
      8423.6    0.9011655     2.818299   0.01394765     21572.25
      8423.8    0.9021098     2.821162   0.01477743     21572.51
        8424    0.9031374     2.824076   0.01448815     21572.58
      8424.2    0.9042437      2.82745   0.01435291     21572.63
      8424.4    0.9054394     2.829889   0.01419255     21572.95
      8424.6    0.9066761     2.832644   0.01286289     21572.85
      8424.8    0.9079603      2.83543   0.01279479     21573.28
        8425    0.9092958     2.837741   0.01228998      21573.3
      8425.2    0.9106987     2.840125   0.01167683     21573.29
      8425.4    0.9121463     2.842476   0.01195255     21573.55
      8425.6    0.9135997     2.844772   0.01239678     21573.66
      8425.8    0.9150931     2.847303   0.01296634      21573.8
        8426    0.9166841     2.850042   0.01285205     21574.03
      8426.2    0.9182969     2.852849    0.0120279     21574.09
      8426.4    0.9199305     2.855053   0.01140469     21574.19
      8426.6    0.9215472     2.856925   0.01088599      21574.3
      8426.8    0.9231742     2.859166   0.01124566     21574.19
        8427    0.9248798     2.861558   0.01261151     21574.25
      8427.2    0.9266072      2.86405   0.01283987     21574.49
      8427.4     0.928335     2.867014   0.01254719     21574.72
      8427.6    0.9300476     2.869438   0.01199865     21574.86
      8427.8    0.9317536     2.871595   0.01149548     21574.87
        8428    0.9334517     2.873649   0.01143564     21575.05
      8428.2    0.9351541     2.876211   0.01135938     21575.19
      8428.4    0.9368273     2.878587   0.01206066     21575.21
      8428.6    0.9385104     2.880683   0.01260433     21575.02
      8428.8    0.9401154     2.883297    0.0116027     21575.36
        8429    0.9416892     2.886294  0.009408388     21575.58
      8429.2    0.9431717     2.887869  0.007272606     21575.66
      8429.4     0.944552      2.88821  0.004700599      21575.6
      8429.6    0.9458621     2.889115  0.004037561     21575.62
      8429.8    0.9471417     2.890055  0.005579877     21575.96
        8430    0.9483289     2.891099  0.005999523     21576.08
      8430.2    0.9494387     2.892674  0.006040788     21575.92
      8430.4    0.9504753     2.893915   0.00564513     21575.78
      8430.6    0.9514629     2.894887  0.004709877     21575.64
      8430.8    0.9523815     2.895615  0.003909001     21575.53
        8431    0.9532538     2.896441  0.003163615     21575.68
      8431.2    0.9540256     2.897042  0.001360507     21575.34
      8431.4    0.9547128     2.897418 -0.001059252     21575.18
      8431.6    0.9553607     2.896703 -0.002239294     21575.04
      8431.8    0.9559292     2.895594 -0.001923753     21575.05
        8432    0.9564421     2.895251 -0.0002275496     21575.01
      8432.2    0.9569019     2.895879 0.0003775023     21575.08
      8432.4    0.9573175     2.896521 -0.001157453     21574.92
      8432.6    0.9576814     2.895896 -0.003760006     21574.88
      8432.8    0.9580013     2.894325 -0.006656542     21574.91
        8433     0.958307     2.892871 -0.008185547     21575.13
      8433.2    0.9585338     2.891196  -0.00810469     21575.13
      8433.4    0.9587765     2.889348 -0.007039525     21575.27
      8433.6    0.9590351     2.887841 -0.007978334     21575.51
      8433.8    0.9592131      2.88724 -0.009353673     21575.42
        8434    0.9594092     2.884813 -0.009595645     21575.32
      8434.2      0.95964     2.881865   -0.0109952     21575.16
      8434.4    0.9598381     2.880164  -0.01054386     21575.41
      8434.6    0.9600656     2.878443  -0.01075067     21575.58
      8434.8    0.9602655     2.876378  -0.01148595     21575.69
        8435    0.9605062     2.873264  -0.01232811     21575.68
      8435.2    0.9607347     2.870976  -0.01351491     21575.84
      8435.4     0.960988     2.868581  -0.01363817     21576.03
      8435.6    0.9612539     2.865566  -0.01367378     21576.18
      8435.8    0.9615288     2.862354  -0.01354418     21576.08
        8436    0.9618285     2.860037  -0.01251132     21575.98
      8436.2    0.9621424     2.857746  -0.01293539     21575.91
      8436.4    0.9624117     2.855557  -0.01416794      21575.8
      8436.6    0.9626964     2.852005  -0.01555038      21575.5
      8436.8    0.9630268     2.848702  -0.01672934     21575.22
        8437    0.9633635     2.845305  -0.01687671     21575.11
      8437.2    0.9637055     2.842174  -0.01699997     21574.87
      8437.4    0.9640224     2.838504  -0.01598155     21574.59
      8437.6    0.9643229     2.835102  -0.01588355     21574.36
      8437.8    0.9646835      2.83252   -0.0158247      21574.3
        8438    0.9650531     2.829467  -0.01554324     21574.32
      8438.2    0.9654305     2.825844  -0.01593493     21574.32
      8438.4    0.9658287     2.822668  -0.01631304     21574.53
      8438.6    0.9662208     2.819772  -0.01552434     21574.57
      8438.8    0.9666218     2.816416  -0.01494505     21574.44
        8439    0.9670693     2.813425  -0.01468305     21574.29
      8439.2    0.9675365     2.810712  -0.01438609     21574.13
      8439.4     0.968032     2.808026  -0.01656187     21574.16
      8439.6    0.9685091     2.804908  -0.01801745     21574.06
      8439.8    0.9690507     2.800175  -0.01911769     21573.92
        8440    0.9696498     2.796298  -0.01966619     21573.93
      8440.2    0.9702824     2.792732  -0.01795794     21573.99
      8440.4    0.9709428     2.789175   -0.0179901     21573.93
      8440.6    0.9716484     2.785809  -0.01841078     21573.84
      8440.8    0.9724108     2.781906  -0.01859614     21573.95
        8441    0.9732347     2.778003  -0.01764765     21573.88
      8441.2    0.9741229     2.774298  -0.01636865     21573.87
      8441.4    0.9750551     2.771691  -0.01590539     21573.85
      8441.6    0.9760721     2.768811  -0.01619836      21574.1
      8441.8    0.9771636     2.765279  -0.01784398     21574.22
        8442     0.978327     2.761339  -0.01851381     21574.18
      8442.2    0.9795322     2.757416  -0.01859668      21574.1
      8442.4    0.9807638        2.754  -0.01794947     21574.32
      8442.6    0.9820451     2.750401  -0.01674389     21574.38
      8442.8    0.9834642     2.746979  -0.01595267     21574.81
        8443    0.9849312      2.74402  -0.01585836     21574.73
      8443.2    0.9864207     2.741238  -0.01540341     21574.74
      8443.4    0.9879477     2.737715  -0.01496808     21575.01
      8443.6    0.9895185     2.734657  -0.01518598     21575.28
      8443.8    0.9911655     2.732046  -0.01465919     21575.41
        8444    0.9928642     2.729089  -0.01393112     21575.47
      8444.2    0.9945764     2.725987  -0.01455424     21575.51
      8444.4    0.9962981     2.723512  -0.01436346     21575.38
      8444.6    0.9980521     2.720403    -0.013613     21575.47
      8444.8    0.9997806     2.717598  -0.01363948     21575.38
        8445     1.001564     2.715097  -0.01145199     21575.34
      8445.2     1.003401       2.7126  -0.01075239     21575.35
      8445.4     1.005244     2.711241  -0.01110383     21575.02
      8445.6      1.00706     2.708996   -0.0104127     21575.04
      8445.8     1.008886     2.706214  -0.01172347     21575.03
        8446     1.010681      2.70427  -0.01136114     21575.24
      8446.2      1.01244     2.701862    -0.010695      21575.2
      8446.4     1.014234     2.699907  -0.01081852     21575.34
      8446.6     1.015996     2.697658  -0.01080225     21575.55
      8446.8      1.01763     2.695615  -0.01109098     21575.35
        8447     1.019223      2.69322   -0.0113723     21575.18
      8447.2     1.020745     2.691034  -0.01101868     21575.15
      8447.4      1.02218      2.68856   -0.0108931     21575.03
      8447.6     1.023553       2.6868  -0.01084758     21574.84
      8447.8     1.024849     2.684506  -0.01058076     21574.78
        8448     1.026058     2.682356  -0.01008968      21574.6
      8448.2     1.027177     2.680095  -0.01021862     21574.52
      8448.4     1.028214     2.678729  -0.01162111     21574.38
      8448.6     1.029142     2.676331  -0.01293328     21573.92
      8448.8     1.029988     2.673059  -0.01447873      21573.7
        8449     1.030784     2.669749  -0.01522826     21573.64
      8449.2     1.031483     2.667146  -0.01462069     21573.64
      8449.4     1.032062     2.664148  -0.01319531      21573.4
      8449.6     1.032552     2.661363  -0.01324936     21573.29
      8449.8     1.033003     2.659192  -0.01305792     21573.27
        8450     1.033302     2.656546  -0.01306473     21573.11
        8452     1.031653     2.624953  -0.01632955     21572.45
        8454     1.023793     2.592521  -0.01617137     21572.17
        8456     1.010033     2.564854 -0.008085434     21570.96
        8458    0.9924881     2.546624 -0.004939342     21570.13
        8460    0.9730187     2.541633 -0.0005194271     21569.57
        8462    0.9532538     2.547193   0.00407952     21569.27
        8464    0.9353433     2.560698  0.007472171     21568.85
        8466     0.924376      2.57926  0.009415334     21567.77
        8468     0.924659     2.601411   0.00963653     21566.88
        8470    0.9370562     2.622515  0.008343964     21566.86
        8472    0.9583414     2.637791  0.005625803     21567.17
        8474    0.9834726     2.646012   0.00214371     21567.44
        8476     1.006725     2.646417 -0.0006895859      21568.2
        8478     1.022693     2.639665 -0.001889461     21568.05
        8480     1.028618     2.632274 -0.0006994798      21567.2
        8482     1.025443     2.630896  0.003172127     21567.04
        8484     1.016787     2.640821  0.008361248     21567.15
        8486     1.006847     2.665042    0.0131217     21566.67
        8488     0.999282     2.699164   0.01593151     21566.25
        8490    0.9970373      2.73587   0.01553231     21566.59
        8492     1.000593     2.768273   0.01266108     21566.92
        8494      1.00743       2.7893  0.008612342     21567.12
        8496     1.015044     2.800452  0.004268697     21566.56
        8498     1.022609     2.804769 0.0007490449     21565.83
        8500     1.029669     2.802423 -0.002610948     21565.74
        8502     1.034911     2.795293 -0.006225418      21565.3
        8504     1.037245     2.779565 -0.009702813      21564.7
        8506     1.036712     2.754965  -0.01367887      21564.1
        8508     1.033452       2.7248  -0.01731815      21564.1
        8510      1.02708     2.685862  -0.02016903     21563.42
        8512     1.017774      2.64102  -0.02242808     21562.38
        8514     1.005844     2.593613  -0.02310472     21561.61
        8516    0.9914577     2.545376  -0.02203251     21561.55
        8518    0.9755765     2.501024  -0.01939439     21561.41
        8520    0.9592194      2.46476  -0.01497274     21561.14
        8522    0.9431956     2.438458 -0.009286023     21561.23
        8524    0.9294606     2.425594 -0.003228453     21561.45
        8526    0.9195679     2.426736  0.002471829     21560.81
        8528    0.9147591     2.438932  0.007000035     21559.88
        8530    0.9159647     2.458233  0.009866059     21559.91
        8532    0.9231711     2.481594   0.01103006        21560
        8534    0.9359095     2.505664   0.01075846      21559.4
        8536    0.9524501     2.527172  0.009325671     21559.38
        8538    0.9700236       2.5443  0.007148055     21559.66
        8540     0.986847     2.556199  0.004638616     21559.36
        8542     1.001597     2.562849   0.00215468      21558.3
        8544      1.01373     2.564281 -4.513496e-05      21556.9
        8546     1.023102     2.561538 -0.001764893     21555.82
        8548     1.029431     2.555838 -0.002817947     21555.48
        8550      1.03284      2.54873 -0.003390673     21555.12
        8552     1.033637     2.541738 -0.003751357     21553.57
        8554     1.032549     2.534412 -0.004112885     21552.78
        8556     1.030269     2.525828 -0.004291089     21552.36
        8558      1.02746     2.515827 -0.004163823     21550.92
        8560      1.02449     2.507409 -0.003205733     21549.13
        8562     1.021321     2.501102  -0.00111091     21547.94
        8564     1.017968     2.500182  0.001499528     21547.28
        8566     1.015063     2.506939   0.00437375     21546.87
        8568     1.012974     2.519405  0.006630252     21546.51
        8570     1.011573     2.536092  0.007530066     21545.49
        8572     1.010552     2.553224  0.007315511     21544.72
        8574     1.009333      2.56718  0.006174803     21543.65
        8576     1.007509     2.577929  0.004536852     21542.84
        8578      1.00512      2.58549  0.002844905     21542.61
        8580     1.002468     2.589519  0.001075324     21541.91
        8582    0.9997724     2.589939 -0.0008114331     21541.06
        8584    0.9974799     2.586532 -0.002846575     21539.64
        8586    0.9960914     2.578999 -0.005042319     21538.24
        8588    0.9960162     2.566746 -0.007324106     21537.77
        8590    0.9971667     2.549601 -0.009304472      21536.6
        8592    0.9985033     2.527939  -0.01069416     21535.54
        8594    0.9991963     2.504563  -0.01146301     21534.67
        8596    0.9986237     2.481193  -0.01144738     21533.63
        8598    0.9965117     2.457896  -0.01072931     21531.91
        8600    0.9930492      2.43636 -0.009496337     21529.93
        8602    0.9886824     2.418729  -0.00798849     21528.91
        8604    0.9842883     2.405222 -0.006242887     21528.05
        8606    0.9804251     2.393989 -0.004491624     21526.96
        8608     0.977628     2.386417 -0.003017275     21525.91
        8610    0.9760538     2.382796 -0.001797037     21524.43
        8612    0.9756632     2.381084 -0.001055704     21522.58
        8614    0.9764859     2.379612 -0.0007631558     21521.31
        8616    0.9784658     2.377971 -0.0007759543      21518.4
        8618    0.9813688      2.37669 -0.0006085166     21512.16
        8620    0.9850817     2.374876 -0.0009551902     21498.65
        8622    0.9906222     2.374744 -0.001173448     21345.27
        8624    0.9948737      2.37033 -0.0009288899     21033.92
        8626    0.9981919     2.367303 -0.001004671     21236.94
        8628     1.002672     2.367445 -0.0003907541     21503.32
        8630     1.007422     2.366707 0.0002679375     21518.35
        8632     1.011469     2.367204  0.000540299     21519.13
        8634     1.014808     2.369446 0.0009566179      21518.6
        8636     1.017373     2.371767  0.001230476     21517.85
        8638     1.018905      2.37436  0.001235285     21516.68
        8640     1.019797     2.377048  0.001153499     21515.56
        8642     1.020229     2.379328 0.0009756706     21515.06
        8644     1.020503     2.380995 0.0007424076     21514.12
        8646     1.020458     2.382165 0.0004988357     21512.01
        8648     1.019807     2.382987 0.0002864601     21510.37
        8650     1.018181     2.383319 0.0001131083     21509.19
        8652     1.015248     2.383287 0.0001172199     21507.81
        8654     1.010867      2.38307 0.0001969161     21506.61
        8656     1.005287     2.383925 0.0003383812      21505.4
        8658    0.9993123     2.384895 0.0005995782     21504.68
        8660    0.9937931     2.385994 0.0006949253     21503.68
        8662    0.9893992     2.387867 0.0007565658     21502.33
        8664    0.9863766     2.389484 0.0006492753     21501.55
        8666    0.9848296     2.390947 0.0002627767     21500.91
        8668    0.9846102     2.391188 -0.0003577558     21499.18
        8670    0.9854398     2.389969  -0.00124075     21497.73
        8672     0.986958     2.386622 -0.002143808        21496
        8674    0.9888955     2.381021 -0.003018411     21493.86
        8676    0.9908861     2.374038 -0.003733953     21492.77
        8678    0.9924699     2.365821 -0.004235318     21491.39
        8680    0.9933718      2.35675 -0.004663712      21489.8
        8682    0.9937267     2.347138 -0.004937549     21488.88
        8684    0.9933058     2.336728 -0.004903264     21488.14
        8686    0.9924408     2.326321 -0.004680723        21487
        8688    0.9915153     2.317524 -0.004207355     21485.46
        8690    0.9908582     2.309693 -0.003390666     21484.71
        8692    0.9908982     2.303069 -0.002636928     21483.54
        8694    0.9919319     2.299196 -0.001973324     21482.23
        8696    0.9939018     2.296429 -0.001404162     21479.69
        8698    0.9965268     2.293906 -0.001272771     21448.63
        8700     0.999099     2.291836 -0.001437986     21426.54
        8702     1.001525     2.289014 -0.001826335     21446.67
        8704     1.004027     2.284925 -0.002389426     21440.41
        8706     1.006101     2.279295 -0.003061834     21417.78
        8708     1.008123     2.272721 -0.003620553     21438.69
        8710     1.010356     2.264519 -0.003883288     21460.02
        8712     1.012702     2.255961 -0.003917537     21462.04
        8714     1.014927     2.248229 -0.003536643     21461.76
        8716     1.016763      2.24138 -0.002881633     21460.48
        8718     1.017961     2.236226 -0.002243009     21458.61
        8720     1.018402     2.232907 -0.001670627     21456.67
        8722     1.018103     2.230285 -0.001295006     21454.72
        8724      1.01734     2.228015 -0.001183748     21453.58
        8726      1.01628     2.225866 -0.001107565     21452.17
        8728     1.014835     2.223437 -0.001039169     21450.74
        8730     1.013108     2.221425 -0.000961264      21449.4
        8732     1.011165     2.219702 -0.0008209996     21447.72
        8734     1.008902     2.218176 -0.0006714681     21445.25
        8736     1.006049     2.216869 -0.0005281412     21443.86
        8738     1.002589     2.216053 -0.0003813057     21442.25
        8740    0.9984728     2.215477 -0.0002426389     21440.16
        8742    0.9943012     2.215125 -0.000181633     21437.22
        8744    0.9907359     2.214928 -0.0001272071     21435.25
        8746    0.9881648       2.2146 -0.0001174425     21433.49
        8748    0.9865675     2.214459 -0.0001302812     21431.87
        8750     0.985989     2.214186 -0.0001390849     21429.99
        8752    0.9863978     2.213886 -0.0002247122     21427.66
        8754    0.9876958     2.213487 -0.0002414464     21425.39
        8756    0.9895597     2.212661 -0.0002767436     21423.22
        8758    0.9919008     2.212254 -0.0003638857     21420.55
        8760    0.9944859     2.211672 -0.0003930599      21418.4
        8762    0.9967508     2.210576 -0.0004820215     21416.32
        8764    0.9985446     2.209517 -0.0005475508     21414.65
        8766    0.9995478     2.208398 -0.0005251433     21412.63
        8768    0.9999393     2.207292 -0.0006209257     21409.78
        8770    0.9998769     2.206375 -0.0007591985     21406.81
        8772    0.9993518      2.20455 -0.0008724083     21404.67
        8774      0.99881     2.202324 -0.001097926     21402.64
        8776    0.9985206     2.200313 -0.001410519      21399.8
        8778    0.9982692     2.197591 -0.001703946     21396.32
        8780    0.9981731     2.193265 -0.002031529        21393
        8782    0.9981227     2.188693  -0.00243548     21390.28
        8784    0.9979442      2.18406 -0.002644775     21387.56
        8786    0.9976119     2.178108 -0.002822901     21385.33
        8788    0.9974111     2.172107 -0.003038436     21382.45
        8790    0.9972688      2.16611 -0.003047846     21377.71
        8792    0.9971378     2.159753 -0.002942242     21373.17
        8794    0.9973027     2.153725 -0.002765465     21369.92
        8796    0.9977612     2.148569 -0.002463333     21367.68
        8798    0.9985248     2.143986 -0.002136431     21365.18
        8800    0.9993321     2.140046 -0.001861549     21363.06
        8802     1.000004     2.136633 -0.001639131     21360.08
        8804     1.000503     2.133677 -0.001459353     21356.89
        8806      1.00094     2.130873 -0.001341396     21354.21
        8808     1.001517     2.128371 -0.001247875     21351.14
        8810     1.002335     2.125902 -0.001176977      21346.7
        8812     1.003578     2.123694 -0.001184243      21342.4
        8814     1.005236     2.121457 -0.001265572     21337.69
        8816     1.006964     2.118897 -0.001379989     21333.64
        8818     1.008471     2.115778 -0.001545985     21329.42
        8820     1.009557     2.112654 -0.001734296     21323.79
        8822     1.010149     2.109089 -0.001861293     21315.27
        8824     1.010314     2.105023 -0.001982034      21303.7
        8826     1.010084     2.100887     -0.00177     21285.59
        8828      1.00977     2.096798 -0.002024905     21243.37
        8830     1.011842     2.094929 -0.002686399     20980.72
        8832     1.011014     2.088824 -0.002504125     20404.75
        8834      1.00628     2.079396 -0.002402334     20352.82
        8836     1.004821     2.076765 -0.002039837     20977.04
        8838     1.005013      2.07571 -0.001262251     21315.08
        8840     1.004372     2.072505 -0.001327413     21325.84
        8842     1.003644     2.069298 -0.001656865     21324.54
        8844     1.002923     2.066145 -0.001681813     21322.25
        8846     1.002211     2.062455 -0.001658231     21319.48
        8848     1.001436     2.059051 -0.001646085     21316.39
        8850     1.000657     2.056032  -0.00155002     21313.47
        8852    0.9998145     2.052977 -0.001461617     21310.69
        8854    0.9988817     2.050055 -0.001397009     21307.22
        8856    0.9979671     2.047358 -0.001295029     21303.32
        8858    0.9971399     2.044856 -0.001144759     21299.05
        8860    0.9963403     2.042616  -0.00102224     21294.98
        8862     0.995617     2.040897 -0.0009012773     21290.95
        8864    0.9952798      2.03918 -0.0007435379     21288.02
        8866    0.9953156     2.037646 -0.0006760478     21285.01
        8868    0.9954147     2.036668 -0.000627857     21281.46
        8870     0.995914     2.035489 -0.0005671176     21279.15
        8872    0.9964842     2.034157 -0.0005711105     21276.69
        8874    0.9968605     2.033109 -0.0005008381     21273.59
        8876    0.9971243     2.032099 -0.0004095752     21270.68
        8878    0.9971994     2.031482 -0.0003835788     21267.52
        8880    0.9969241      2.03088 -0.0003246689     21264.31
        8882    0.9964593      2.03004 -0.0003255781     21260.64
        8884    0.9960657     2.029502 -0.0003815566     21257.54
        8886    0.9956509     2.028878 -0.0004127628     21253.87
        8888    0.9954493     2.027828 -0.000530206     21250.15
        8890    0.9954905     2.026738 -0.0006902201     21247.67
        8892    0.9955218      2.02526 -0.0008587118     21244.49
        8894    0.9956019     2.023356 -0.001088532     21240.96
        8896    0.9959288     2.020958 -0.001323356     21237.38
        8898    0.9964591      2.01803 -0.001549527      21234.6
        8900    0.9971054     2.014673  -0.00176987      21231.8
        8902    0.9979384      2.01096 -0.001980451     21229.05
        8904    0.9990933     2.006799 -0.002145885     21225.63
        8906     1.000495     2.002186 -0.002217396     21221.37
        8908     1.001963     1.997506 -0.002269051     21218.72
        8910     1.003527      1.99322 -0.002230445     21215.94
        8912     1.004965     1.988647 -0.002109571     21212.61
        8914     1.006018     1.984343 -0.002033635     21209.24
        8916     1.006671      1.98063 -0.001925734     21205.99
        8918     1.007028     1.976951 -0.001811969     21202.14
        8920     1.006936     1.973241 -0.001780572      21198.9
        8922     1.006455     1.969847 -0.001706559     21195.18
        8924     1.005563     1.966385  -0.00159519     21191.37
        8926     1.004387     1.963299 -0.001563831     21187.72
        8928     1.003091     1.960479 -0.001501464     21183.95
        8930     1.001807     1.957336 -0.001427355     21180.77
        8932     1.000591     1.954373 -0.001370655     21177.79
        8934    0.9995492      1.95188 -0.001362189     21172.49
        8936    0.9996896     1.949514 -0.001350723     21098.43
        8938    0.9990289     1.946439 -0.001318913     20986.52
        8940    0.9981027     1.943568 -0.001317668      21054.7
        8942    0.9979673     1.941329 -0.001292714      21138.9
        8944     0.998166     1.938973 -0.001317428     21142.52
        8946    0.9985406     1.936097 -0.001391174     21140.06
        8948    0.9987979     1.933028 -0.001429622     21136.59
        8950    0.9990817     1.930199 -0.001424117     21133.23
        8952    0.9991865     1.927536 -0.001426289     21129.87
        8954    0.9991367     1.924704 -0.001430452     21125.34
        8956    0.9989877     1.921618 -0.001432474     21120.88
        8958    0.9985043     1.918756 -0.001464919     21117.51
        8960    0.9978281     1.916076 -0.001449405     21113.01
        8962    0.9971687     1.912985 -0.001463619     21108.17
        8964    0.9965266     1.910023 -0.001504654     21103.27
        8966    0.9959808     1.907047 -0.001478497     21097.91
        8968    0.9956504     1.904039 -0.001471261     21093.04
        8970    0.9955059     1.901157 -0.001494762     21087.78
